1.0000000e+00 1.0010369e+00 9.9996811e-01 1.5000000e+00 -4.6232581e-02 8.8356957e+09 6.0654976e+08 2.9999043e+05 3.1973254e-10 3.7867267e+08 3.8427289e+04 -3.2020351e+04 1.9992601e+38 1.9327926e-01 1.7330551e+18 1.6391277e-07 1.9465744e+00 1.0000000e+00 
1.0006911e+00 1.0020750e+00 9.9993633e-01 1.5007729e+00 -4.6048738e-02 8.8418019e+09 6.0717881e+08 2.9998090e+05 3.1896029e-10 5.3017731e+08 3.8374232e+04 -2.2404226e+04 2.1228100e+38 1.9326368e-01 1.7330470e+18 1.0298408e-01 -1.5676361e-06 -1.3138400e+06 
1.0013826e+00 1.0031145e+00 9.9990465e-01 1.5016166e+00 -4.5865794e-02 8.8479123e+09 6.0780864e+08 2.9997140e+05 3.1818982e-10 4.6783267e+08 3.8321247e+04 -2.6361237e+04 2.0768969e+38 1.9324808e-01 1.7330390e+18 2.0701607e-01 -1.6613844e-06 -1.3929940e+06 
1.0020747e+00 1.0041553e+00 9.9987308e-01 1.5024646e+00 -4.5683524e-02 8.8540270e+09 6.0843927e+08 2.9996192e+05 3.1742115e-10 4.4186922e+08 3.8268335e+04 -2.8012310e+04 2.0554022e+38 1.9323247e-01 1.7330310e+18 1.5519838e-01 -1.6180549e-06 -1.3608741e+06 
1.0027672e+00 1.0051974e+00 9.9984161e-01 1.5033156e+00 -4.5501924e-02 8.8601459e+09 6.0907070e+08 2.9995248e+05 3.1665426e-10 4.2764161e+08 3.8215497e+04 -2.8919518e+04 2.0429291e+38 1.9321683e-01 1.7330230e+18 1.3799284e-01 -1.5946539e-06 -1.3448216e+06 
1.0034602e+00 1.0062408e+00 9.9981024e-01 1.5041692e+00 -4.5320989e-02 8.8662690e+09 6.0970292e+08 2.9994307e+05 3.1588915e-10 4.1866421e+08 3.8162732e+04 -2.9493934e+04 2.0347371e+38 1.9320119e-01 1.7330151e+18 1.2942489e-01 -1.5786162e-06 -1.3347070e+06 
1.0041537e+00 1.0072855e+00 9.9977898e-01 1.5050256e+00 -4.5140717e-02 8.8723963e+09 6.1033593e+08 2.9993369e+05 3.1512581e-10 4.1248690e+08 3.8110039e+04 -2.9890851e+04 2.0289062e+38 1.9318552e-01 1.7330071e+18 1.2430982e-01 -1.5660818e-06 -1.3274120e+06 
1.0048476e+00 1.0083315e+00 9.9974782e-01 1.5058846e+00 -4.4961106e-02 8.8785279e+09 6.1096975e+08 2.9992435e+05 3.1436425e-10 4.0797884e+08 3.8057419e+04 -3.0181944e+04 2.0245137e+38 1.9316984e-01 1.7329991e+18 1.2092069e-01 -1.5554888e-06 -1.3216733e+06 
1.0055421e+00 1.0093789e+00 9.9971676e-01 1.5067465e+00 -4.4782153e-02 8.8846637e+09 6.1160436e+08 2.9991503e+05 3.1360445e-10 4.0454589e+08 3.8004872e+04 -3.0404872e+04 2.0210615e+38 1.9315415e-01 1.7329912e+18 1.1851769e-01 -1.5460872e-06 -1.3168841e+06 
1.0062370e+00 1.0104276e+00 9.9968581e-01 1.5076110e+00 -4.4603857e-02 8.8908037e+09 6.1223978e+08 2.9990574e+05 3.1284642e-10 4.0184593e+08 3.7952397e+04 -3.0581317e+04 2.0182576e+38 1.9313844e-01 1.7329832e+18 1.1673098e-01 -1.5374724e-06 -1.3127167e+06 
1.0069324e+00 1.0114776e+00 9.9965495e-01 1.5084784e+00 -4.4426215e-02 8.8969480e+09 6.1287601e+08 2.9989649e+05 3.1209014e-10 3.9966810e+08 3.7899995e+04 -3.0724645e+04 2.0159192e+38 1.9312271e-01 1.7329753e+18 1.1535518e-01 -1.5294071e-06 -1.3089791e+06 
1.0076282e+00 1.0125289e+00 9.9962420e-01 1.5093486e+00 -4.4249224e-02 8.9030965e+09 6.1351304e+08 2.9988726e+05 3.1133562e-10 3.9787531e+08 3.7847665e+04 -3.0843545e+04 2.0139262e+38 1.9310697e-01 1.7329673e+18 1.1426703e-01 -1.5217427e-06 -1.3055509e+06 
1.0083246e+00 1.0135816e+00 9.9959355e-01 1.5102216e+00 -4.4072882e-02 8.9092493e+09 6.1415089e+08 2.9987807e+05 3.1058285e-10 3.9637462e+08 3.7795407e+04 -3.0943907e+04 2.0121965e+38 1.9309121e-01 1.7329594e+18 1.1338814e-01 -1.5143818e-06 -1.3023532e+06 
1.0090214e+00 1.0146356e+00 9.9956300e-01 1.5110975e+00 -4.3897188e-02 8.9154063e+09 6.1478954e+08 2.9986890e+05 3.0983183e-10 3.9510076e+08 3.7743222e+04 -3.1029869e+04 2.0106719e+38 1.9307543e-01 1.7329515e+18 1.1266623e-01 -1.5072576e-06 -1.2993319e+06 
1.0097187e+00 1.0156910e+00 9.9953255e-01 1.5119762e+00 -4.3722138e-02 8.9215676e+09 6.1542901e+08 2.9985977e+05 3.0908254e-10 3.9400655e+08 3.7691109e+04 -3.1104420e+04 2.0093101e+38 1.9305964e-01 1.7329436e+18 1.1206512e-01 -1.5003228e-06 -1.2964488e+06 
1.0104165e+00 1.0167477e+00 9.9950221e-01 1.5128579e+00 -4.3547731e-02 8.9277332e+09 6.1606929e+08 2.9985066e+05 3.0833499e-10 3.9305704e+08 3.7639067e+04 -3.1169776e+04 2.0080797e+38 1.9304384e-01 1.7329357e+18 1.1155896e-01 -1.4935432e-06 -1.2936761e+06 
1.0111148e+00 1.0178058e+00 9.9947196e-01 1.5137425e+00 -4.3373964e-02 8.9339030e+09 6.1671039e+08 2.9984159e+05 3.0758918e-10 3.9222582e+08 3.7587098e+04 -3.1227611e+04 2.0069568e+38 1.9302802e-01 1.7329278e+18 1.1112881e-01 -1.4868930e-06 -1.2909931e+06 
1.0118136e+00 1.0188652e+00 9.9944181e-01 1.5146300e+00 -4.3200835e-02 8.9400770e+09 6.1735231e+08 2.9983254e+05 3.0684509e-10 3.9149250e+08 3.7535200e+04 -3.1279217e+04 2.0059228e+38 1.9301218e-01 1.7329199e+18 1.1076046e-01 -1.4803528e-06 -1.2883840e+06 
1.0125128e+00 1.0199259e+00 9.9941176e-01 1.5155205e+00 -4.3028342e-02 8.9462554e+09 6.1799506e+08 2.9982353e+05 3.0610273e-10 3.9084114e+08 3.7483374e+04 -3.1325605e+04 2.0049632e+38 1.9299633e-01 1.7329120e+18 1.1044303e-01 -1.4739075e-06 -1.2858368e+06 
1.0132126e+00 1.0209881e+00 9.9938181e-01 1.5164141e+00 -4.2856482e-02 8.9524380e+09 6.1863862e+08 2.9981454e+05 3.0536208e-10 3.9025908e+08 3.7431619e+04 -3.1367576e+04 2.0040665e+38 1.9298046e-01 1.7329041e+18 1.1016808e-01 -1.4675452e-06 -1.2833417e+06 
1.0139128e+00 1.0220516e+00 9.9935196e-01 1.5173107e+00 -4.2685254e-02 8.9586249e+09 6.1928302e+08 2.9980559e+05 3.0462315e-10 3.8973614e+08 3.7379936e+04 -3.1405776e+04 2.0032233e+38 1.9296458e-01 1.7328962e+18 1.0992893e-01 -1.4612566e-06 -1.2808912e+06 
1.0146135e+00 1.0231164e+00 9.9932221e-01 1.5182103e+00 -4.2514654e-02 8.9648160e+09 6.1992824e+08 2.9979666e+05 3.0388593e-10 3.8926402e+08 3.7328324e+04 -3.1440731e+04 2.0024259e+38 1.9294868e-01 1.7328884e+18 1.0972025e-01 -1.4550339e-06 -1.2784792e+06 
1.0153147e+00 1.0241826e+00 9.9929256e-01 1.5191131e+00 -4.2344682e-02 8.9710115e+09 6.2057429e+08 2.9978777e+05 3.0315042e-10 3.8883594e+08 3.7276784e+04 -3.1472871e+04 2.0016682e+38 1.9293277e-01 1.7328805e+18 1.0953772e-01 -1.4488709e-06 -1.2761007e+06 
1.0160163e+00 1.0252503e+00 9.9926301e-01 1.5200190e+00 -4.2175334e-02 8.9772112e+09 6.2122117e+08 2.9977890e+05 3.0241662e-10 3.8844623e+08 3.7225314e+04 -3.1502554e+04 2.0009449e+38 1.9291684e-01 1.7328727e+18 1.0937780e-01 -1.4427625e-06 -1.2737515e+06 
1.0167185e+00 1.0263192e+00 9.9923355e-01 1.5209280e+00 -4.2006608e-02 8.9834152e+09 6.2186889e+08 2.9977006e+05 3.0168451e-10 3.8809019e+08 3.7173916e+04 -3.1530080e+04 2.0002516e+38 1.9290089e-01 1.7328648e+18 1.0923757e-01 -1.4367042e-06 -1.2714281e+06 
1.0174211e+00 1.0273896e+00 9.9920419e-01 1.5218402e+00 -4.1838503e-02 8.9896235e+09 6.2251744e+08 2.9976126e+05 3.0095409e-10 3.8776383e+08 3.7122589e+04 -3.1555699e+04 1.9995847e+38 1.9288493e-01 1.7328570e+18 1.0911461e-01 -1.4306927e-06 -1.2691278e+06 
1.0181242e+00 1.0284613e+00 9.9917493e-01 1.5227556e+00 -4.1671016e-02 8.9958360e+09 6.2316684e+08 2.9975248e+05 3.0022537e-10 3.8746379e+08 3.7071332e+04 -3.1579627e+04 1.9989410e+38 1.9286896e-01 1.7328491e+18 1.0900688e-01 -1.4247247e-06 -1.2668481e+06 
1.0188279e+00 1.0295345e+00 9.9914577e-01 1.5236743e+00 -4.1504145e-02 9.0020529e+09 6.2381708e+08 2.9974373e+05 2.9949833e-10 3.8718718e+08 3.7020146e+04 -3.1602046e+04 1.9983178e+38 1.9285297e-01 1.7328413e+18 1.0891263e-01 -1.4187977e-06 -1.2645869e+06 
1.0195319e+00 1.0306090e+00 9.9911670e-01 1.5245962e+00 -4.1337887e-02 9.0082741e+09 6.2446816e+08 2.9973501e+05 2.9877297e-10 3.8693151e+08 3.6969031e+04 -3.1623112e+04 1.9977128e+38 1.9283697e-01 1.7328335e+18 1.0883040e-01 -1.4129093e-06 -1.2623425e+06 
1.0202365e+00 1.0316849e+00 9.9908773e-01 1.5255214e+00 -4.1172241e-02 9.0144996e+09 6.2512008e+08 2.9972632e+05 2.9804929e-10 3.8669467e+08 3.6917987e+04 -3.1642961e+04 1.9971241e+38 1.9282095e-01 1.7328257e+18 1.0875894e-01 -1.4070578e-06 -1.2601133e+06 
1.0209416e+00 1.0327623e+00 9.9905885e-01 1.5264500e+00 -4.1007204e-02 9.0207293e+09 6.2577285e+08 2.9971766e+05 2.9732728e-10 3.8647477e+08 3.6867013e+04 -3.1661712e+04 1.9965499e+38 1.9280491e-01 1.7328179e+18 1.0869715e-01 -1.4012414e-06 -1.2578981e+06 
1.0216472e+00 1.0338410e+00 9.9903007e-01 1.5273820e+00 -4.0842775e-02 9.0269634e+09 6.2642648e+08 2.9970902e+05 2.9660694e-10 3.8627021e+08 3.6816109e+04 -3.1679466e+04 1.9959886e+38 1.9278887e-01 1.7328101e+18 1.0864409e-01 -1.3954586e-06 -1.2556957e+06 
1.0223532e+00 1.0349211e+00 9.9900139e-01 1.5283173e+00 -4.0678950e-02 9.0332018e+09 6.2708096e+08 2.9970042e+05 2.9588827e-10 3.8607956e+08 3.6765276e+04 -3.1696314e+04 1.9954390e+38 1.9277280e-01 1.7328023e+18 1.0859895e-01 -1.3897080e-06 -1.2535050e+06 
1.0230597e+00 1.0360027e+00 9.9897280e-01 1.5292561e+00 -4.0515729e-02 9.0394445e+09 6.2773629e+08 2.9969184e+05 2.9517125e-10 3.8590157e+08 3.6714513e+04 -3.1712335e+04 1.9948999e+38 1.9275672e-01 1.7327946e+18 1.0856100e-01 -1.3839887e-06 -1.2513253e+06 
1.0237667e+00 1.0370856e+00 9.9894431e-01 1.5301983e+00 -4.0353108e-02 9.0456915e+09 6.2839248e+08 2.9968329e+05 2.9445590e-10 3.8573513e+08 3.6663820e+04 -3.1727600e+04 1.9943702e+38 1.9274063e-01 1.7327868e+18 1.0852962e-01 -1.3782995e-06 -1.2491557e+06 
1.0244743e+00 1.0381700e+00 9.9891591e-01 1.5311441e+00 -4.0191086e-02 9.0519428e+09 6.2904953e+08 2.9967477e+05 2.9374219e-10 3.8557926e+08 3.6613197e+04 -3.1742169e+04 1.9938490e+38 1.9272452e-01 1.7327790e+18 1.0850425e-01 -1.3726395e-06 -1.2469956e+06 
1.0251823e+00 1.0392558e+00 9.9888761e-01 1.5320934e+00 -4.0029660e-02 9.0581985e+09 6.2970744e+08 2.9966628e+05 2.9303014e-10 3.8543310e+08 3.6562644e+04 -3.1756100e+04 1.9933354e+38 1.9270840e-01 1.7327713e+18 1.0848440e-01 -1.3670080e-06 -1.2448444e+06 
1.0258907e+00 1.0403430e+00 9.9885940e-01 1.5330462e+00 -3.9868829e-02 9.0644584e+09 6.3036622e+08 2.9965782e+05 2.9231973e-10 3.8529585e+08 3.6512161e+04 -3.1769440e+04 1.9928288e+38 1.9269226e-01 1.7327635e+18 1.0846963e-01 -1.3614041e-06 -1.2427014e+06 
1.0265997e+00 1.0414317e+00 9.9883128e-01 1.5340027e+00 -3.9708590e-02 9.0707227e+09 6.3102586e+08 2.9964939e+05 2.9161096e-10 3.8516682e+08 3.6461747e+04 -3.1782234e+04 1.9923285e+38 1.9267611e-01 1.7327558e+18 1.0845956e-01 -1.3558272e-06 -1.2405663e+06 
1.0273092e+00 1.0425218e+00 9.9880326e-01 1.5349628e+00 -3.9548941e-02 9.0769913e+09 6.3168638e+08 2.9964098e+05 2.9090382e-10 3.8504538e+08 3.6411403e+04 -3.1794523e+04 1.9918339e+38 1.9265994e-01 1.7327481e+18 1.0845383e-01 -1.3502767e-06 -1.2384386e+06 
1.0280191e+00 1.0436133e+00 9.9877533e-01 1.5359266e+00 -3.9389880e-02 9.0832643e+09 6.3234776e+08 2.9963260e+05 2.9019832e-10 3.8493098e+08 3.6361128e+04 -3.1806341e+04 1.9913444e+38 1.9264376e-01 1.7327403e+18 1.0845214e-01 -1.3447522e-06 -1.2363178e+06 
1.0287296e+00 1.0447063e+00 9.9874750e-01 1.5368941e+00 -3.9231406e-02 9.0895416e+09 6.3301002e+08 2.9962425e+05 2.8949444e-10 3.8482308e+08 3.6310923e+04 -3.1817721e+04 1.9908596e+38 1.9262757e-01 1.7327326e+18 1.0845420e-01 -1.3392529e-06 -1.2342038e+06 
1.0294405e+00 1.0458008e+00 9.9871976e-01 1.5378654e+00 -3.9073515e-02 9.0958232e+09 6.3367316e+08 2.9961593e+05 2.8879219e-10 3.8472125e+08 3.6260788e+04 -3.1828693e+04 1.9903790e+38 1.9261136e-01 1.7327249e+18 1.0845977e-01 -1.3337786e-06 -1.2320960e+06 
1.0301520e+00 1.0468966e+00 9.9869211e-01 1.5388404e+00 -3.8916206e-02 9.1021092e+09 6.3433718e+08 2.9960763e+05 2.8809156e-10 3.8462504e+08 3.6210721e+04 -3.1839282e+04 1.9899023e+38 1.9259513e-01 1.7327172e+18 1.0846861e-01 -1.3283287e-06 -1.2299943e+06 
1.0308639e+00 1.0479940e+00 9.9866455e-01 1.5398193e+00 -3.8759477e-02 9.1083995e+09 6.3500208e+08 2.9959937e+05 2.8739254e-10 3.8453409e+08 3.6160724e+04 -3.1849514e+04 1.9894290e+38 1.9257889e-01 1.7327095e+18 1.0848051e-01 -1.3229029e-06 -1.2278983e+06 
1.0315763e+00 1.0490928e+00 9.9863709e-01 1.5408021e+00 -3.8603325e-02 9.1146942e+09 6.3566786e+08 2.9959113e+05 2.8669513e-10 3.8444805e+08 3.6110795e+04 -3.1859409e+04 1.9889588e+38 1.9256264e-01 1.7327018e+18 1.0849530e-01 -1.3175009e-06 -1.2258079e+06 
1.0322892e+00 1.0501930e+00 9.9860971e-01 1.5417888e+00 -3.8447749e-02 9.1209932e+09 6.3633454e+08 2.9958291e+05 2.8599933e-10 3.8436659e+08 3.6060936e+04 -3.1868989e+04 1.9884914e+38 1.9254637e-01 1.7326942e+18 1.0851279e-01 -1.3121222e-06 -1.2237228e+06 
1.0330026e+00 1.0512948e+00 9.9858243e-01 1.5427795e+00 -3.8292747e-02 9.1272966e+09 6.3700210e+08 2.9957473e+05 2.8530514e-10 3.8428942e+08 3.6011145e+04 -3.1878271e+04 1.9880266e+38 1.9253009e-01 1.7326865e+18 1.0853283e-01 -1.3067666e-06 -1.2216428e+06 
1.0337165e+00 1.0523980e+00 9.9855524e-01 1.5437741e+00 -3.8138316e-02 9.1336043e+09 6.3767055e+08 2.9956657e+05 2.8461254e-10 3.8421629e+08 3.5961423e+04 -3.1887273e+04 1.9875640e+38 1.9251379e-01 1.7326788e+18 1.0855529e-01 -1.3014337e-06 -1.2195677e+06 
1.0344309e+00 1.0535026e+00 9.9852814e-01 1.5447728e+00 -3.7984455e-02 9.1399164e+09 6.3833990e+08 2.9955844e+05 2.8392154e-10 3.8414693e+08 3.5911770e+04 -3.1896010e+04 1.9871035e+38 1.9249748e-01 1.7326712e+18 1.0858003e-01 -1.2961234e-06 -1.2174974e+06 
1.0351457e+00 1.0546088e+00 9.9850113e-01 1.5457756e+00 -3.7831161e-02 9.1462328e+09 6.3901015e+08 2.9955034e+05 2.8323213e-10 3.8408114e+08 3.5862185e+04 -3.1904495e+04 1.9866448e+38 1.9248116e-01 1.7326635e+18 1.0860693e-01 -1.2908353e-06 -1.2154316e+06 
1.0358611e+00 1.0557165e+00 9.9847421e-01 1.5467825e+00 -3.7678433e-02 9.1525536e+09 6.3968130e+08 2.9954226e+05 2.8254431e-10 3.8401869e+08 3.5812669e+04 -3.1912743e+04 1.9861877e+38 1.9246482e-01 1.7326559e+18 1.0863588e-01 -1.2855693e-06 -1.2133703e+06 
1.0365770e+00 1.0568256e+00 9.9844739e-01 1.5477936e+00 -3.7526268e-02 9.1588788e+09 6.4035336e+08 2.9953422e+05 2.8185807e-10 3.8395940e+08 3.5763221e+04 -3.1920766e+04 1.9857321e+38 1.9244846e-01 1.7326482e+18 1.0866678e-01 -1.2803250e-06 -1.2113134e+06 
1.0372933e+00 1.0579362e+00 9.9842065e-01 1.5488089e+00 -3.7374664e-02 9.1652083e+09 6.4102632e+08 2.9952619e+05 2.8117340e-10 3.8390309e+08 3.5713842e+04 -3.1928574e+04 1.9852777e+38 1.9243210e-01 1.7326406e+18 1.0869955e-01 -1.2751022e-06 -1.2092606e+06 
1.0380102e+00 1.0590484e+00 9.9839400e-01 1.5498285e+00 -3.7223620e-02 9.1715423e+09 6.4170019e+08 2.9951820e+05 2.8049032e-10 3.8384959e+08 3.5664531e+04 -3.1936178e+04 1.9848244e+38 1.9241572e-01 1.7326330e+18 1.0873409e-01 -1.2699008e-06 -1.2072119e+06 
1.0387275e+00 1.0601620e+00 9.9836744e-01 1.5508524e+00 -3.7073133e-02 9.1778806e+09 6.4237497e+08 2.9951023e+05 2.7980880e-10 3.8379875e+08 3.5615287e+04 -3.1943588e+04 1.9843720e+38 1.9239932e-01 1.7326254e+18 1.0877033e-01 -1.2647206e-06 -1.2051672e+06 
1.0394454e+00 1.0612772e+00 9.9834097e-01 1.5518807e+00 -3.6923201e-02 9.1842232e+09 6.4305066e+08 2.9950229e+05 2.7912885e-10 3.8375044e+08 3.5566112e+04 -3.1950813e+04 1.9839205e+38 1.9238291e-01 1.7326178e+18 1.0880819e-01 -1.2595613e-06 -1.2031264e+06 
1.0401637e+00 1.0623938e+00 9.9831459e-01 1.5529133e+00 -3.6773823e-02 9.1905703e+09 6.4372728e+08 2.9949438e+05 2.7845046e-10 3.8370451e+08 3.5517005e+04 -3.1957860e+04 1.9834696e+38 1.9236649e-01 1.7326102e+18 1.0884761e-01 -1.2544228e-06 -1.2010894e+06 
1.0408826e+00 1.0635120e+00 9.9828830e-01 1.5539505e+00 -3.6624996e-02 9.1969218e+09 6.4440481e+08 2.9948649e+05 2.7777364e-10 3.8366085e+08 3.5467965e+04 -3.1964738e+04 1.9830193e+38 1.9235005e-01 1.7326026e+18 1.0888852e-01 -1.2493050e-06 -1.1990560e+06 
1.0416019e+00 1.0646317e+00 9.9826209e-01 1.5549921e+00 -3.6476719e-02 9.2032776e+09 6.4508327e+08 2.9947863e+05 2.7709836e-10 3.8361934e+08 3.5418993e+04 -3.1971453e+04 1.9825693e+38 1.9233360e-01 1.7325950e+18 1.0893087e-01 -1.2442076e-06 -1.1970263e+06 
1.0423217e+00 1.0657530e+00 9.9823598e-01 1.5560383e+00 -3.6328989e-02 9.2096378e+09 6.4576265e+08 2.9947079e+05 2.7642464e-10 3.8357988e+08 3.5370089e+04 -3.1978014e+04 1.9821198e+38 1.9231713e-01 1.7325874e+18 1.0897461e-01 -1.2391306e-06 -1.1950001e+06 
1.0430421e+00 1.0668758e+00 9.9820995e-01 1.5570892e+00 -3.6181805e-02 9.2160024e+09 6.4644296e+08 2.9946298e+05 2.7575246e-10 3.8354236e+08 3.5321252e+04 -3.1984424e+04 1.9816704e+38 1.9230066e-01 1.7325799e+18 1.0901968e-01 -1.2340736e-06 -1.1929774e+06 
1.0437629e+00 1.0680001e+00 9.9818401e-01 1.5581446e+00 -3.6035164e-02 9.2223715e+09 6.4712421e+08 2.9945520e+05 2.7508183e-10 3.8350670e+08 3.5272483e+04 -3.1990692e+04 1.9812212e+38 1.9228416e-01 1.7325723e+18 1.0906604e-01 -1.2290367e-06 -1.1909580e+06 
1.0444842e+00 1.0691259e+00 9.9815816e-01 1.5592049e+00 -3.5889064e-02 9.2287449e+09 6.4780639e+08 2.9944745e+05 2.7441274e-10 3.8347280e+08 3.5223781e+04 -3.1996821e+04 1.9807720e+38 1.9226766e-01 1.7325647e+18 1.0911365e-01 -1.2240197e-06 -1.1889420e+06 
1.0452061e+00 1.0702533e+00 9.9813239e-01 1.5602698e+00 -3.5743504e-02 9.2351227e+09 6.4848951e+08 2.9943972e+05 2.7374518e-10 3.8344058e+08 3.5175146e+04 -3.2002817e+04 1.9803228e+38 1.9225114e-01 1.7325572e+18 1.0916246e-01 -1.2190224e-06 -1.1869293e+06 
1.0459284e+00 1.0713823e+00 9.9810671e-01 1.5613397e+00 -3.5598482e-02 9.2415050e+09 6.4917357e+08 2.9943201e+05 2.7307915e-10 3.8340997e+08 3.5126579e+04 -3.2008686e+04 1.9798734e+38 1.9223460e-01 1.7325497e+18 1.0921245e-01 -1.2140448e-06 -1.1849199e+06 
1.0466512e+00 1.0725128e+00 9.9808112e-01 1.5624144e+00 -3.5453995e-02 9.2478916e+09 6.4985858e+08 2.9942434e+05 2.7241465e-10 3.8338089e+08 3.5078078e+04 -3.2014430e+04 1.9794238e+38 1.9221805e-01 1.7325421e+18 1.0926357e-01 -1.2090866e-06 -1.1829136e+06 
1.0473745e+00 1.0736449e+00 9.9805561e-01 1.5634940e+00 -3.5310042e-02 9.2542827e+09 6.5054454e+08 2.9941668e+05 2.7175167e-10 3.8335329e+08 3.5029645e+04 -3.2020056e+04 1.9789740e+38 1.9220149e-01 1.7325346e+18 1.0931580e-01 -1.2041477e-06 -1.1809104e+06 
1.0480984e+00 1.0747786e+00 9.9803019e-01 1.5645786e+00 -3.5166621e-02 9.2606782e+09 6.5123144e+08 2.9940906e+05 2.7109021e-10 3.8332708e+08 3.4981278e+04 -3.2025566e+04 1.9785238e+38 1.9218492e-01 1.7325271e+18 1.0936910e-01 -1.1992282e-06 -1.1789103e+06 
1.0488227e+00 1.0759138e+00 9.9800486e-01 1.5656684e+00 -3.5023730e-02 9.2670781e+09 6.5191930e+08 2.9940146e+05 2.7043027e-10 3.8330223e+08 3.4932978e+04 -3.2030964e+04 1.9780733e+38 1.9216833e-01 1.7325196e+18 1.0942345e-01 -1.1943277e-06 -1.1769132e+06 
1.0495475e+00 1.0770506e+00 9.9797961e-01 1.5667632e+00 -3.4881367e-02 9.2734824e+09 6.5260812e+08 2.9939388e+05 2.6977183e-10 3.8327866e+08 3.4884745e+04 -3.2036254e+04 1.9776222e+38 1.9215173e-01 1.7325121e+18 1.0947882e-01 -1.1894463e-06 -1.1749191e+06 
1.0502728e+00 1.0781890e+00 9.9795444e-01 1.5678632e+00 -3.4739530e-02 9.2798911e+09 6.5329790e+08 2.9938633e+05 2.6911491e-10 3.8325632e+08 3.4836578e+04 -3.2041439e+04 1.9771707e+38 1.9213511e-01 1.7325046e+18 1.0953519e-01 -1.1845837e-06 -1.1729280e+06 
1.0509987e+00 1.0793290e+00 9.9792937e-01 1.5689685e+00 -3.4598217e-02 9.2863043e+09 6.5398864e+08 2.9937881e+05 2.6845948e-10 3.8323517e+08 3.4788478e+04 -3.2046522e+04 1.9767185e+38 1.9211848e-01 1.7324971e+18 1.0959253e-01 -1.1797400e-06 -1.1709398e+06 
1.0517250e+00 1.0804706e+00 9.9790437e-01 1.5700790e+00 -3.4458661e-02 9.2927219e+09 6.5468035e+08 2.9937131e+05 2.6780556e-10 3.8321516e+08 3.4740445e+04 -3.2051507e+04 1.9762658e+38 1.9211635e-01 1.7324896e+18 1.0965083e-01 -1.1749150e-06 -1.1689544e+06 
1.0524518e+00 1.0816138e+00 9.9787946e-01 1.5711950e+00 -3.4321669e-02 9.2991440e+09 6.5537304e+08 2.9936384e+05 2.6715313e-10 3.8319624e+08 3.4692477e+04 -3.2056395e+04 1.9758123e+38 1.9211808e-01 1.7324821e+18 1.0971007e-01 -1.1701970e-06 -1.1670601e+06 
1.0531791e+00 1.0827586e+00 9.9785463e-01 1.5723164e+00 -3.4185170e-02 9.3055705e+09 6.5606669e+08 2.9935639e+05 2.6650219e-10 3.8317837e+08 3.4644576e+04 -3.2061190e+04 1.9753581e+38 1.9211980e-01 1.7324747e+18 1.0977022e-01 -1.1655202e-06 -1.1651918e+06 
1.0539070e+00 1.0839050e+00 9.9782988e-01 1.5734433e+00 -3.4049164e-02 9.3120014e+09 6.5676133e+08 2.9934896e+05 2.6585274e-10 3.8316152e+08 3.4596741e+04 -3.2065893e+04 1.9749032e+38 1.9212152e-01 1.7324672e+18 1.0983127e-01 -1.1608610e-06 -1.1633259e+06 
1.0546353e+00 1.0850530e+00 9.9780521e-01 1.5745757e+00 -3.3913649e-02 9.3184367e+09 6.5745694e+08 2.9934156e+05 2.6520478e-10 3.8314564e+08 3.4548972e+04 -3.2070508e+04 1.9744474e+38 1.9212323e-01 1.7324598e+18 1.0989321e-01 -1.1562193e-06 -1.1614625e+06 
1.0553642e+00 1.0862027e+00 9.9778062e-01 1.5757138e+00 -3.3778622e-02 9.3248766e+09 6.5815354e+08 2.9933419e+05 2.6455829e-10 3.8313070e+08 3.4501269e+04 -3.2075037e+04 1.9739908e+38 1.9212493e-01 1.7324523e+18 1.0995602e-01 -1.1515949e-06 -1.1596015e+06 
1.0560935e+00 1.0873539e+00 9.9775611e-01 1.5768576e+00 -3.3644082e-02 9.3313208e+09 6.5885113e+08 2.9932683e+05 2.6391328e-10 3.8311666e+08 3.4453632e+04 -3.2079480e+04 1.9735333e+38 1.9212663e-01 1.7324449e+18 1.1001969e-01 -1.1469879e-06 -1.1577428e+06 
1.0568234e+00 1.0885069e+00 9.9773169e-01 1.5780072e+00 -3.3510027e-02 9.3377695e+09 6.5954971e+08 2.9931951e+05 2.6326974e-10 3.8310349e+08 3.4406061e+04 -3.2083842e+04 1.9730748e+38 1.9212832e-01 1.7324374e+18 1.1008421e-01 -1.1423980e-06 -1.1558865e+06 
1.0575537e+00 1.0896614e+00 9.9770734e-01 1.5791627e+00 -3.3376455e-02 9.3442227e+09 6.6024929e+08 2.9931220e+05 2.6262767e-10 3.8309117e+08 3.4358555e+04 -3.2088122e+04 1.9726154e+38 1.9213001e-01 1.7324300e+18 1.1014956e-01 -1.1378253e-06 -1.1540326e+06 
1.0582846e+00 1.0908177e+00 9.9768308e-01 1.5803241e+00 -3.3243365e-02 9.3506804e+09 6.6094987e+08 2.9930492e+05 2.6198706e-10 3.8307966e+08 3.4311115e+04 -3.2092324e+04 1.9721549e+38 1.9213169e-01 1.7324226e+18 1.1021574e-01 -1.1332696e-06 -1.1521810e+06 
1.0590159e+00 1.0919755e+00 9.9765889e-01 1.5814915e+00 -3.3110756e-02 9.3571425e+09 6.6165145e+08 2.9929767e+05 2.6134791e-10 3.8306894e+08 3.4263740e+04 -3.2096448e+04 1.9716934e+38 1.9213337e-01 1.7324152e+18 1.1028273e-01 -1.1287308e-06 -1.1503316e+06 
1.0597478e+00 1.0931351e+00 9.9763479e-01 1.5826650e+00 -3.2978624e-02 9.3636090e+09 6.6235403e+08 2.9929044e+05 2.6071022e-10 3.8305898e+08 3.4216431e+04 -3.2100496e+04 1.9712309e+38 1.9213504e-01 1.7324078e+18 1.1035052e-01 -1.1242090e-06 -1.1484845e+06 
1.0604802e+00 1.0942963e+00 9.9761077e-01 1.5838446e+00 -3.2846969e-02 9.3700801e+09 6.6305763e+08 2.9928323e+05 2.6007398e-10 3.8304975e+08 3.4169187e+04 -3.2104471e+04 1.9707672e+38 1.9213671e-01 1.7324004e+18 1.1041912e-01 -1.1197039e-06 -1.1466397e+06 
1.0612130e+00 1.0954591e+00 9.9758682e-01 1.5850305e+00 -3.2715789e-02 9.3765556e+09 6.6376224e+08 2.9927605e+05 2.5943918e-10 3.8304123e+08 3.4122009e+04 -3.2108372e+04 1.9703024e+38 1.9213837e-01 1.7323930e+18 1.1048850e-01 -1.1152155e-06 -1.1447970e+06 
1.0619464e+00 1.0966237e+00 9.9756295e-01 1.5862227e+00 -3.2585081e-02 9.3830355e+09 6.6446787e+08 2.9926889e+05 2.5880584e-10 3.8303341e+08 3.4074895e+04 -3.2112202e+04 1.9698364e+38 1.9214002e-01 1.7323856e+18 1.1055868e-01 -1.1107438e-06 -1.1429566e+06 
1.0626803e+00 1.0977899e+00 9.9753917e-01 1.5874213e+00 -3.2454846e-02 9.3895200e+09 6.6517453e+08 2.9926175e+05 2.5817393e-10 3.8302626e+08 3.4027847e+04 -3.2115961e+04 1.9693692e+38 1.9214167e-01 1.7323782e+18 1.1062963e-01 -1.1062886e-06 -1.1411184e+06 
1.0634147e+00 1.0989579e+00 9.9751546e-01 1.5886263e+00 -3.2325080e-02 9.3960089e+09 6.6588221e+08 2.9925464e+05 2.5754346e-10 3.8301975e+08 3.3980864e+04 -3.2119652e+04 1.9689008e+38 1.9214332e-01 1.7323708e+18 1.1070135e-01 -1.1018499e-06 -1.1392823e+06 
1.0641496e+00 1.1001275e+00 9.9749183e-01 1.5898380e+00 -3.2195781e-02 9.4025024e+09 6.6659092e+08 2.9924755e+05 2.5691442e-10 3.8301388e+08 3.3933945e+04 -3.2123274e+04 1.9684312e+38 1.9214495e-01 1.7323635e+18 1.1077384e-01 -1.0974277e-06 -1.1374484e+06 
1.0648851e+00 1.1012989e+00 9.9746828e-01 1.5910563e+00 -3.2066949e-02 9.4090003e+09 6.6730066e+08 2.9924048e+05 2.5628681e-10 3.8300862e+08 3.3887091e+04 -3.2126830e+04 1.9679603e+38 1.9214659e-01 1.7323561e+18 1.1084710e-01 -1.0930218e-06 -1.1356166e+06 
1.0656210e+00 1.1024719e+00 9.9744480e-01 1.5922813e+00 -3.1938582e-02 9.4155027e+09 6.6801145e+08 2.9923344e+05 2.5566063e-10 3.8300395e+08 3.3840302e+04 -3.2130320e+04 1.9674880e+38 1.9214821e-01 1.7323488e+18 1.1092112e-01 -1.0886321e-06 -1.1337870e+06 
1.0663574e+00 1.1036467e+00 9.9742141e-01 1.5935132e+00 -3.1810678e-02 9.4220096e+09 6.6872327e+08 2.9922642e+05 2.5503587e-10 3.8299986e+08 3.3793578e+04 -3.2133744e+04 1.9670145e+38 1.9214984e-01 1.7323414e+18 1.1099590e-01 -1.0842586e-06 -1.1319594e+06 
1.0670943e+00 1.1048232e+00 9.9739809e-01 1.5947520e+00 -3.1683235e-02 9.4285210e+09 6.6943614e+08 2.9921943e+05 2.5441252e-10 3.8299633e+08 3.3746918e+04 -3.2137105e+04 1.9665396e+38 1.9215145e-01 1.7323341e+18 1.1107144e-01 -1.0799013e-06 -1.1301340e+06 
1.0678318e+00 1.1060015e+00 9.9737485e-01 1.5959978e+00 -3.1556251e-02 9.4350369e+09 6.7015007e+08 2.9921245e+05 2.5379059e-10 3.8299335e+08 3.3700322e+04 -3.2140402e+04 1.9660633e+38 1.9215307e-01 1.7323267e+18 1.1114772e-01 -1.0755600e-06 -1.1283106e+06 
1.0685698e+00 1.1071815e+00 9.9735169e-01 1.5972508e+00 -3.1429725e-02 9.4415573e+09 6.7086505e+08 2.9920551e+05 2.5317006e-10 3.8299091e+08 3.3653791e+04 -3.2143637e+04 1.9655856e+38 1.9215467e-01 1.7323194e+18 1.1122477e-01 -1.0712347e-06 -1.1264892e+06 
1.0693082e+00 1.1083632e+00 9.9732860e-01 1.5985109e+00 -3.1303656e-02 9.4480822e+09 6.7158109e+08 2.9919858e+05 2.5255095e-10 3.8298899e+08 3.3607324e+04 -3.2146811e+04 1.9651065e+38 1.9215627e-01 1.7323121e+18 1.1130256e-01 -1.0669253e-06 -1.1246699e+06 
1.0700472e+00 1.1095467e+00 9.9730559e-01 1.5997784e+00 -3.1178041e-02 9.4546116e+09 6.7229819e+08 2.9919168e+05 2.5193323e-10 3.8298757e+08 3.3560921e+04 -3.2149923e+04 1.9646259e+38 1.9215787e-01 1.7323048e+18 1.1138110e-01 -1.0626317e-06 -1.1228527e+06 
1.0707867e+00 1.1107319e+00 9.9728266e-01 1.6010532e+00 -3.1052879e-02 9.4611455e+09 6.7301637e+08 2.9918480e+05 2.5131691e-10 3.8298665e+08 3.3514582e+04 -3.2152975e+04 1.9641439e+38 1.9215946e-01 1.7322975e+18 1.1146040e-01 -1.0583540e-06 -1.1210374e+06 
1.0715267e+00 1.1119190e+00 9.9725980e-01 1.6023356e+00 -3.0928168e-02 9.4676839e+09 6.7373561e+08 2.9917794e+05 2.5070198e-10 3.8298622e+08 3.3468308e+04 -3.2155968e+04 1.9636605e+38 1.9216105e-01 1.7322902e+18 1.1154045e-01 -1.0540919e-06 -1.1192242e+06 
1.0722672e+00 1.1131078e+00 9.9723702e-01 1.6036255e+00 -3.0803907e-02 9.4742269e+09 6.7445594e+08 2.9917111e+05 2.5008845e-10 3.8298626e+08 3.3422097e+04 -3.2158902e+04 1.9631755e+38 1.9216263e-01 1.7322829e+18 1.1162125e-01 -1.0498455e-06 -1.1174129e+06 
1.0730082e+00 1.1142984e+00 9.9721432e-01 1.6049232e+00 -3.0680094e-02 9.4807744e+09 6.7517734e+08 2.9916429e+05 2.4947630e-10 3.8298676e+08 3.3375950e+04 -3.2161777e+04 1.9626890e+38 1.9216420e-01 1.7322756e+18 1.1170280e-01 -1.0456146e-06 -1.1156036e+06 
1.0737498e+00 1.1154908e+00 9.9719169e-01 1.6062287e+00 -3.0556727e-02 9.4873264e+09 6.7589984e+08 2.9915751e+05 2.4886553e-10 3.8298771e+08 3.3329866e+04 -3.2164594e+04 1.9622009e+38 1.9216577e-01 1.7322683e+18 1.1178511e-01 -1.0413993e-06 -1.1137963e+06 
1.0744918e+00 1.1166850e+00 9.9716913e-01 1.6075422e+00 -3.0433805e-02 9.4938829e+09 6.7662343e+08 2.9915074e+05 2.4825614e-10 3.8298911e+08 3.3283847e+04 -3.2167354e+04 1.9617113e+38 1.9216734e-01 1.7322610e+18 1.1186817e-01 -1.0371994e-06 -1.1119910e+06 
1.0752344e+00 1.1178810e+00 9.9714665e-01 1.6088636e+00 -3.0311326e-02 9.5004440e+09 6.7734811e+08 2.9914400e+05 2.4764813e-10 3.8299094e+08 3.3237890e+04 -3.2170057e+04 1.9612201e+38 1.9216890e-01 1.7322538e+18 1.1195199e-01 -1.0330149e-06 -1.1101876e+06 
1.0759775e+00 1.1190788e+00 9.9712425e-01 1.6101933e+00 -3.0189288e-02 9.5070096e+09 6.7807390e+08 2.9913728e+05 2.4704149e-10 3.8299319e+08 3.3191998e+04 -3.2172704e+04 1.9607273e+38 1.9217045e-01 1.7322465e+18 1.1203657e-01 -1.0288458e-06 -1.1083861e+06 
1.0767211e+00 1.1202784e+00 9.9710192e-01 1.6115312e+00 -3.0067690e-02 9.5135797e+09 6.7880079e+08 2.9913058e+05 2.4643621e-10 3.8299587e+08 3.3146168e+04 -3.2175294e+04 1.9602329e+38 1.9217200e-01 1.7322393e+18 1.1212192e-01 -1.0246918e-06 -1.1065865e+06 
1.0774652e+00 1.1214799e+00 9.9707967e-01 1.6128775e+00 -2.9946530e-02 9.5201544e+09 6.7952879e+08 2.9912390e+05 2.4583229e-10 3.8299895e+08 3.3100402e+04 -3.2177829e+04 1.9597369e+38 1.9217354e-01 1.7322320e+18 1.1220803e-01 -1.0205531e-06 -1.1047889e+06 
1.0782098e+00 1.1226832e+00 9.9705749e-01 1.6142323e+00 -2.9825807e-02 9.5267336e+09 6.8025791e+08 2.9911725e+05 2.4522974e-10 3.8300244e+08 3.3054699e+04 -3.2180309e+04 1.9592392e+38 1.9217508e-01 1.7322248e+18 1.1229492e-01 -1.0164295e-06 -1.1029932e+06 
1.0789549e+00 1.1238884e+00 9.9703538e-01 1.6155957e+00 -2.9705519e-02 9.5333174e+09 6.8098815e+08 2.9911062e+05 2.4462854e-10 3.8300632e+08 3.3009060e+04 -3.2182733e+04 1.9587399e+38 1.9217662e-01 1.7322175e+18 1.1238258e-01 -1.0123210e-06 -1.1011993e+06 
1.0797006e+00 1.1250954e+00 9.9701335e-01 1.6169679e+00 -2.9585664e-02 9.5399057e+09 6.8171952e+08 2.9910401e+05 2.4402869e-10 3.8301059e+08 3.2963483e+04 -3.2185103e+04 1.9582389e+38 1.9217815e-01 1.7322103e+18 1.1247102e-01 -1.0082275e-06 -1.0994074e+06 
1.0804467e+00 1.1263044e+00 9.9699140e-01 1.6183489e+00 -2.9466241e-02 9.5464986e+09 6.8245202e+08 2.9909742e+05 2.4343019e-10 3.8301525e+08 3.2917969e+04 -3.2187418e+04 1.9577362e+38 1.9217967e-01 1.7322031e+18 1.1256024e-01 -1.0041489e-06 -1.0976173e+06 
1.0811934e+00 1.1275151e+00 9.9696951e-01 1.6197390e+00 -2.9347248e-02 9.5530960e+09 6.8318566e+08 2.9909085e+05 2.4283303e-10 3.8302028e+08 3.2872518e+04 -3.2189679e+04 1.9572317e+38 1.9218119e-01 1.7321959e+18 1.1265025e-01 -1.0000852e-06 -1.0958291e+06 
1.0819406e+00 1.1287278e+00 9.9694770e-01 1.6211382e+00 -2.9228684e-02 9.5596980e+09 6.8392045e+08 2.9908431e+05 2.4223721e-10 3.8302568e+08 3.2827130e+04 -3.2191886e+04 1.9567255e+38 1.9218270e-01 1.7321887e+18 1.1274106e-01 -9.9603634e-07 -1.0940427e+06 
1.0826883e+00 1.1299424e+00 9.9692596e-01 1.6225467e+00 -2.9110546e-02 9.5663045e+09 6.8465638e+08 2.9907779e+05 2.4164272e-10 3.8303146e+08 3.2781804e+04 -3.2194040e+04 1.9562176e+38 1.9218421e-01 1.7321815e+18 1.1283266e-01 -9.9200223e-07 -1.0922582e+06 
1.0834365e+00 1.1311588e+00 9.9690430e-01 1.6239646e+00 -2.8992834e-02 9.5729156e+09 6.8539346e+08 2.9907129e+05 2.4104957e-10 3.8303759e+08 3.2736541e+04 -3.2196140e+04 1.9557079e+38 1.9218571e-01 1.7321743e+18 1.1292507e-01 -9.8798283e-07 -1.0904755e+06 
1.0841853e+00 1.1323772e+00 9.9688271e-01 1.6253920e+00 -2.8875546e-02 9.5795313e+09 6.8613171e+08 2.9906481e+05 2.4045774e-10 3.8304408e+08 3.2691341e+04 -3.2198187e+04 1.9551965e+38 1.9218721e-01 1.7321671e+18 1.1301829e-01 -9.8397808e-07 -1.0886946e+06 
1.0849346e+00 1.1335975e+00 9.9686119e-01 1.6268292e+00 -2.8758680e-02 9.5861516e+09 6.8687112e+08 2.9905836e+05 2.3986724e-10 3.8305092e+08 3.2646203e+04 -3.2200180e+04 1.9546832e+38 1.9218871e-01 1.7321599e+18 1.1311233e-01 -9.7998791e-07 -1.0869155e+06 
1.0856843e+00 1.1348198e+00 9.9683974e-01 1.6282761e+00 -2.8642235e-02 9.5927764e+09 6.8761170e+08 2.9905192e+05 2.3927806e-10 3.8305811e+08 3.2601127e+04 -3.2202121e+04 1.9541681e+38 1.9219019e-01 1.7321527e+18 1.1320720e-01 -9.7601226e-07 -1.0851383e+06 
1.0864346e+00 1.1360439e+00 9.9681837e-01 1.6297331e+00 -2.8526209e-02 9.5994058e+09 6.8835345e+08 2.9904551e+05 2.3869020e-10 3.8306564e+08 3.2556113e+04 -3.2204008e+04 1.9536512e+38 1.9219168e-01 1.7321456e+18 1.1330289e-01 -9.7205108e-07 -1.0833629e+06 
1.0871854e+00 1.1372701e+00 9.9679707e-01 1.6312002e+00 -2.8410600e-02 9.6060398e+09 6.8909639e+08 2.9903912e+05 2.3810364e-10 3.8307352e+08 3.2511162e+04 -3.2205843e+04 1.9531325e+38 1.9219316e-01 1.7321384e+18 1.1339943e-01 -9.6810431e-07 -1.0815892e+06 
1.0879368e+00 1.1384982e+00 9.9677584e-01 1.6326776e+00 -2.8295407e-02 9.6126784e+09 6.8984052e+08 2.9903275e+05 2.3751840e-10 3.8308174e+08 3.2466273e+04 -3.2207625e+04 1.9526119e+38 1.9219463e-01 1.7321313e+18 1.1349681e-01 -9.6417189e-07 -1.0798173e+06 
1.0886886e+00 1.1397282e+00 9.9675468e-01 1.6341654e+00 -2.8180629e-02 9.6193215e+09 6.9058585e+08 2.9902640e+05 2.3693446e-10 3.8309029e+08 3.2421445e+04 -3.2209354e+04 1.9520895e+38 1.9219610e-01 1.7321241e+18 1.1359505e-01 -9.6025377e-07 -1.0780472e+06 
1.0894410e+00 1.1409603e+00 9.9673359e-01 1.6356638e+00 -2.8066264e-02 9.6259693e+09 6.9133237e+08 2.9902008e+05 2.3635181e-10 3.8309917e+08 3.2376680e+04 -3.2211031e+04 1.9515651e+38 1.9219756e-01 1.7321170e+18 1.1369415e-01 -9.5634988e-07 -1.0762789e+06 
1.0901939e+00 1.1421943e+00 9.9671257e-01 1.6371730e+00 -2.7952309e-02 9.6326216e+09 6.9208011e+08 2.9901377e+05 2.3577047e-10 3.8310838e+08 3.2331976e+04 -3.2212655e+04 1.9510389e+38 1.9219902e-01 1.7321098e+18 1.1379412e-01 -9.5246016e-07 -1.0745123e+06 
1.0909473e+00 1.1434304e+00 9.9669162e-01 1.6386932e+00 -2.7838765e-02 9.6392786e+09 6.9282905e+08 2.9900749e+05 2.3519042e-10 3.8311792e+08 3.2287334e+04 -3.2214226e+04 1.9505107e+38 1.9220048e-01 1.7321027e+18 1.1389498e-01 -9.4858457e-07 -1.0727475e+06 
1.0917013e+00 1.1446684e+00 9.9667075e-01 1.6402244e+00 -2.7725628e-02 9.6459401e+09 6.9357922e+08 2.9900122e+05 2.3461166e-10 3.8312778e+08 3.2242754e+04 -3.2215745e+04 1.9499806e+38 1.9220192e-01 1.7320956e+18 1.1399672e-01 -9.4472304e-07 -1.0709844e+06 
1.0924557e+00 1.1459085e+00 9.9664994e-01 1.6417669e+00 -2.7612899e-02 9.6526063e+09 6.9433061e+08 2.9899498e+05 2.3403418e-10 3.8313797e+08 3.2198235e+04 -3.2217211e+04 1.9494486e+38 1.9220337e-01 1.7320885e+18 1.1409937e-01 -9.4087553e-07 -1.0692231e+06 
1.0932107e+00 1.1471506e+00 9.9662921e-01 1.6433209e+00 -2.7500574e-02 9.6592770e+09 6.9508324e+08 2.9898876e+05 2.3345798e-10 3.8314848e+08 3.2153778e+04 -3.2218625e+04 1.9489146e+38 1.9220481e-01 1.7320814e+18 1.1420293e-01 -9.3704196e-07 -1.0674635e+06 
1.0939662e+00 1.1483948e+00 9.9660855e-01 1.6448865e+00 -2.7388653e-02 9.6659524e+09 6.9583711e+08 2.9898256e+05 2.3288306e-10 3.8315930e+08 3.2109382e+04 -3.2219986e+04 1.9483786e+38 1.9220624e-01 1.7320743e+18 1.1430740e-01 -9.3322229e-07 -1.0657056e+06 
1.0947222e+00 1.1496410e+00 9.9658795e-01 1.6464639e+00 -2.7277134e-02 9.6726324e+09 6.9659222e+08 2.9897639e+05 2.3230941e-10 3.8317045e+08 3.2065048e+04 -3.2221294e+04 1.9478407e+38 1.9220767e-01 1.7320672e+18 1.1441281e-01 -9.2941645e-07 -1.0639494e+06 
1.0954788e+00 1.1508893e+00 9.9656743e-01 1.6480533e+00 -2.7166016e-02 9.6793170e+09 6.9734859e+08 2.9897023e+05 2.3173703e-10 3.8318192e+08 3.2020774e+04 -3.2222549e+04 1.9473007e+38 1.9220910e-01 1.7320601e+18 1.1451916e-01 -9.2562441e-07 -1.0621949e+06 
1.0962358e+00 1.1521397e+00 9.9654697e-01 1.6496549e+00 -2.7055296e-02 9.6860062e+09 6.9810622e+08 2.9896409e+05 2.3116591e-10 3.8319370e+08 3.1976562e+04 -3.2223752e+04 1.9467587e+38 1.9221052e-01 1.7320530e+18 1.1462646e-01 -9.2184609e-07 -1.0604421e+06 
1.0969934e+00 1.1533922e+00 9.9652659e-01 1.6512689e+00 -2.6944974e-02 9.6927000e+09 6.9886511e+08 2.9895798e+05 2.3059606e-10 3.8320579e+08 3.1932411e+04 -3.2224901e+04 1.9462147e+38 1.9221193e-01 1.7320460e+18 1.1473473e-01 -9.1808145e-07 -1.0586910e+06 
1.0977515e+00 1.1546467e+00 9.9650627e-01 1.6528954e+00 -2.6835048e-02 9.6993985e+09 6.9962528e+08 2.9895188e+05 2.3002746e-10 3.8321820e+08 3.1888321e+04 -3.2225997e+04 1.9456687e+38 1.9221334e-01 1.7320389e+18 1.1484398e-01 -9.1433042e-07 -1.0569416e+06 
1.0985102e+00 1.1559034e+00 9.9648602e-01 1.6545348e+00 -2.6725517e-02 9.7061016e+09 7.0038674e+08 2.9894581e+05 2.2946011e-10 3.8323093e+08 3.1844292e+04 -3.2227040e+04 1.9451206e+38 1.9221475e-01 1.7320318e+18 1.1495421e-01 -9.1059296e-07 -1.0551939e+06 
1.0992693e+00 1.1571622e+00 9.9646584e-01 1.6561872e+00 -2.6616378e-02 9.7128093e+09 7.0114948e+08 2.9893975e+05 2.2889402e-10 3.8324397e+08 3.1800323e+04 -3.2228030e+04 1.9445704e+38 1.9221615e-01 1.7320248e+18 1.1506545e-01 -9.0686901e-07 -1.0534478e+06 
1.1000290e+00 1.1584232e+00 9.9644573e-01 1.6578527e+00 -2.6507630e-02 9.7195217e+09 7.0191352e+08 2.9893372e+05 2.2832917e-10 3.8325732e+08 3.1756415e+04 -3.2228966e+04 1.9440182e+38 1.9221755e-01 1.7320177e+18 1.1517770e-01 -9.0315851e-07 -1.0517034e+06 
1.1007892e+00 1.1596863e+00 9.9642569e-01 1.6595317e+00 -2.6399273e-02 9.7262387e+09 7.0267886e+08 2.9892771e+05 2.2776555e-10 3.8327099e+08 3.1712568e+04 -3.2229849e+04 1.9434638e+38 1.9221894e-01 1.7320107e+18 1.1529099e-01 -8.9946141e-07 -1.0499606e+06 
1.1015500e+00 1.1609516e+00 9.9640572e-01 1.6612243e+00 -2.6291304e-02 9.7329603e+09 7.0344552e+08 2.9892172e+05 2.2720318e-10 3.8328497e+08 3.1668781e+04 -3.2230677e+04 1.9429073e+38 1.9222033e-01 1.7320037e+18 1.1540531e-01 -8.9577767e-07 -1.0482195e+06 
1.1023112e+00 1.1622190e+00 9.9638581e-01 1.6629308e+00 -2.6183722e-02 9.7396866e+09 7.0421350e+08 2.9891574e+05 2.2664204e-10 3.8329927e+08 3.1625055e+04 -3.2231452e+04 1.9423487e+38 1.9222171e-01 1.7319967e+18 1.1552069e-01 -8.9210721e-07 -1.0464800e+06 
1.1030730e+00 1.1634887e+00 9.9636597e-01 1.6646514e+00 -2.6076525e-02 9.7464175e+09 7.0498281e+08 2.9890979e+05 2.2608213e-10 3.8331389e+08 3.1581389e+04 -3.2232172e+04 1.9417879e+38 1.9222309e-01 1.7319896e+18 1.1563714e-01 -8.8844999e-07 -1.0447421e+06 
1.1038353e+00 1.1647605e+00 9.9634620e-01 1.6663864e+00 -2.5969712e-02 9.7531531e+09 7.0575346e+08 2.9890386e+05 2.2552344e-10 3.8332882e+08 3.1537784e+04 -3.2232837e+04 1.9412250e+38 1.9222446e-01 1.7319826e+18 1.1575468e-01 -8.8480596e-07 -1.0430059e+06 
1.1045982e+00 1.1660346e+00 9.9632650e-01 1.6681359e+00 -2.5863281e-02 9.7598933e+09 7.0652545e+08 2.9889795e+05 2.2496597e-10 3.8334406e+08 3.1494238e+04 -3.2233448e+04 1.9406599e+38 1.9222583e-01 1.7319756e+18 1.1587332e-01 -8.8117507e-07 -1.0412713e+06 
1.1053615e+00 1.1673109e+00 9.9630687e-01 1.6699002e+00 -2.5757231e-02 9.7666382e+09 7.0729879e+08 2.9889206e+05 2.2440972e-10 3.8335963e+08 3.1450753e+04 -3.2234004e+04 1.9400927e+38 1.9222719e-01 1.7319686e+18 1.1599308e-01 -8.7755725e-07 -1.0395382e+06 
1.1061254e+00 1.1685895e+00 9.9628730e-01 1.6716796e+00 -2.5651561e-02 9.7733878e+09 7.0807350e+08 2.9888619e+05 2.2385468e-10 3.8337551e+08 3.1407328e+04 -3.2234505e+04 1.9395232e+38 1.9222855e-01 1.7319616e+18 1.1611397e-01 -8.7395246e-07 -1.0378068e+06 
1.1068899e+00 1.1698703e+00 9.9626780e-01 1.6734744e+00 -2.5546269e-02 9.7801420e+09 7.0884957e+08 2.9888034e+05 2.2330085e-10 3.8339172e+08 3.1363963e+04 -3.2234950e+04 1.9389515e+38 1.9222991e-01 1.7319547e+18 1.1623601e-01 -8.7036064e-07 -1.0360770e+06 
1.1076548e+00 1.1711534e+00 9.9624836e-01 1.6752847e+00 -2.5441353e-02 9.7869009e+09 7.0962703e+08 2.9887451e+05 2.2274822e-10 3.8340825e+08 3.1320658e+04 -3.2235339e+04 1.9383775e+38 1.9223126e-01 1.7319477e+18 1.1635922e-01 -8.6678174e-07 -1.0343488e+06 
1.1084203e+00 1.1724388e+00 9.9622899e-01 1.6771109e+00 -2.5336812e-02 9.7936645e+09 7.1040587e+08 2.9886870e+05 2.2219680e-10 3.8342510e+08 3.1277412e+04 -3.2235672e+04 1.9378014e+38 1.9223260e-01 1.7319407e+18 1.1648361e-01 -8.6321571e-07 -1.0326221e+06 
1.1091863e+00 1.1737265e+00 9.9620969e-01 1.6789532e+00 -2.5232644e-02 9.8004327e+09 7.1118612e+08 2.9886291e+05 2.2164657e-10 3.8344227e+08 3.1234226e+04 -3.2235949e+04 1.9372229e+38 1.9223394e-01 1.7319338e+18 1.1660921e-01 -8.5966250e-07 -1.0308970e+06 
1.1099528e+00 1.1750165e+00 9.9619046e-01 1.6808119e+00 -2.5128849e-02 9.8072056e+09 7.1196777e+08 2.9885714e+05 2.2109753e-10 3.8345978e+08 3.1191100e+04 -3.2236169e+04 1.9366422e+38 1.9223528e-01 1.7319268e+18 1.1673603e-01 -8.5612205e-07 -1.0291735e+06 
1.1107199e+00 1.1763089e+00 9.9617129e-01 1.6826874e+00 -2.5025424e-02 9.8139832e+09 7.1275083e+08 2.9885139e+05 2.2054967e-10 3.8347761e+08 3.1148033e+04 -3.2236332e+04 1.9360592e+38 1.9223661e-01 1.7319198e+18 1.1686408e-01 -8.5259431e-07 -1.0274515e+06 
1.1114875e+00 1.1776036e+00 9.9615218e-01 1.6845798e+00 -2.4922368e-02 9.8207655e+09 7.1353533e+08 2.9884565e+05 2.2000301e-10 3.8349578e+08 3.1105026e+04 -3.2236437e+04 1.9354738e+38 1.9223794e-01 1.7319129e+18 1.1699340e-01 -8.4907923e-07 -1.0257311e+06 
1.1122556e+00 1.1789007e+00 9.9613314e-01 1.6864895e+00 -2.4819679e-02 9.8275525e+09 7.1432125e+08 2.9883994e+05 2.1945752e-10 3.8351428e+08 3.1062078e+04 -3.2236485e+04 1.9348862e+38 1.9223926e-01 1.7319060e+18 1.1712400e-01 -8.4557676e-07 -1.0240123e+06 
1.1130243e+00 1.1802001e+00 9.9611417e-01 1.6884168e+00 -2.4717357e-02 9.8343441e+09 7.1510863e+08 2.9883425e+05 2.1891320e-10 3.8353311e+08 3.1019190e+04 -3.2236474e+04 1.9342962e+38 1.9224058e-01 1.7318990e+18 1.1725590e-01 -8.4208684e-07 -1.0222949e+06 
1.1137935e+00 1.1815020e+00 9.9609526e-01 1.6903620e+00 -2.4615399e-02 9.8411405e+09 7.1589746e+08 2.9882858e+05 2.1837006e-10 3.8355229e+08 3.0976361e+04 -3.2236405e+04 1.9337039e+38 1.9224189e-01 1.7318921e+18 1.1738911e-01 -8.3860943e-07 -1.0205791e+06 
1.1145632e+00 1.1828063e+00 9.9607642e-01 1.6923255e+00 -2.4513805e-02 9.8479415e+09 7.1668775e+08 2.9882293e+05 2.1782808e-10 3.8357180e+08 3.0933590e+04 -3.2236278e+04 1.9331092e+38 1.9224320e-01 1.7318852e+18 1.1752367e-01 -8.3514447e-07 -1.0188648e+06 
1.1153335e+00 1.1841130e+00 9.9605764e-01 1.6943074e+00 -2.4412572e-02 9.8547473e+09 7.1747952e+08 2.9881729e+05 2.1728727e-10 3.8359167e+08 3.0890879e+04 -3.2236090e+04 1.9325120e+38 1.9224451e-01 1.7318783e+18 1.1765960e-01 -8.3169190e-07 -1.0171520e+06 
1.1161043e+00 1.1854222e+00 9.9603893e-01 1.6963083e+00 -2.4311700e-02 9.8615577e+09 7.1827278e+08 2.9881168e+05 2.1674761e-10 3.8361188e+08 3.0848227e+04 -3.2235843e+04 1.9319125e+38 1.9224581e-01 1.7318714e+18 1.1779691e-01 -8.2825169e-07 -1.0154408e+06 
1.1168756e+00 1.1867338e+00 9.9602028e-01 1.6983285e+00 -2.4211186e-02 9.8683729e+09 7.1906754e+08 2.9880608e+05 2.1620911e-10 3.8363244e+08 3.0805634e+04 -3.2235536e+04 1.9313106e+38 1.9224710e-01 1.7318645e+18 1.1793563e-01 -8.2482378e-07 -1.0137310e+06 
1.1176474e+00 1.1880480e+00 9.9600169e-01 1.7003682e+00 -2.4111029e-02 9.8751928e+09 7.1986380e+08 2.9880051e+05 2.1567176e-10 3.8365336e+08 3.0763100e+04 -3.2235168e+04 1.9307063e+38 1.9224839e-01 1.7318576e+18 1.1807579e-01 -8.2140811e-07 -1.0120227e+06 
1.1184198e+00 1.1893646e+00 9.9598317e-01 1.7024278e+00 -2.4011229e-02 9.8820173e+09 7.2066158e+08 2.9879495e+05 2.1513555e-10 3.8367463e+08 3.0720624e+04 -3.2234739e+04 1.9300995e+38 1.9224968e-01 1.7318507e+18 1.1821740e-01 -8.1800463e-07 -1.0103159e+06 
1.1191928e+00 1.1906838e+00 9.9596472e-01 1.7045078e+00 -2.3911783e-02 9.8888466e+09 7.2146090e+08 2.9878942e+05 2.1460048e-10 3.8369627e+08 3.0678207e+04 -3.2234248e+04 1.9294902e+38 1.9225096e-01 1.7318439e+18 1.1836050e-01 -8.1461330e-07 -1.0086106e+06 
1.1199662e+00 1.1920055e+00 9.9594632e-01 1.7066084e+00 -2.3812690e-02 9.8956807e+09 7.2226176e+08 2.9878390e+05 2.1406655e-10 3.8371827e+08 3.0635848e+04 -3.2233695e+04 1.9288784e+38 1.9225224e-01 1.7318370e+18 1.1850510e-01 -8.1123407e-07 -1.0069067e+06 
1.1207402e+00 1.1933298e+00 9.9592800e-01 1.7087301e+00 -2.3713948e-02 9.9025194e+09 7.2306417e+08 2.9877840e+05 2.1353375e-10 3.8374064e+08 3.0593548e+04 -3.2233080e+04 1.9282642e+38 1.9225352e-01 1.7318301e+18 1.1865124e-01 -8.0786687e-07 -1.0052043e+06 
1.1215147e+00 1.1946566e+00 9.9590973e-01 1.7108733e+00 -2.3615556e-02 9.9093629e+09 7.2386814e+08 2.9877292e+05 2.1300208e-10 3.8376339e+08 3.0551307e+04 -3.2232402e+04 1.9276474e+38 1.9225478e-01 1.7318233e+18 1.1879894e-01 -8.0451167e-07 -1.0035034e+06 
1.1222898e+00 1.1959861e+00 9.9589153e-01 1.7130384e+00 -2.3517513e-02 9.9162111e+09 7.2467370e+08 2.9876746e+05 2.1247153e-10 3.8378651e+08 3.0509124e+04 -3.2231659e+04 1.9270281e+38 1.9225605e-01 1.7318164e+18 1.1894824e-01 -8.0116841e-07 -1.0018039e+06 
1.1230654e+00 1.1973182e+00 9.9587339e-01 1.7152258e+00 -2.3419817e-02 9.9230640e+09 7.2548085e+08 2.9876202e+05 2.1194211e-10 3.8381002e+08 3.0466998e+04 -3.2230853e+04 1.9264062e+38 1.9225731e-01 1.7318096e+18 1.1909915e-01 -7.9783703e-07 -1.0001058e+06 
1.1238415e+00 1.1986530e+00 9.9585531e-01 1.7174358e+00 -2.3322467e-02 9.9299217e+09 7.2628960e+08 2.9875659e+05 2.1141379e-10 3.8383391e+08 3.0424932e+04 -3.2229982e+04 1.9257817e+38 1.9225857e-01 1.7318028e+18 1.1925170e-01 -7.9451750e-07 -9.9840920e+05 
1.1246182e+00 1.1999904e+00 9.9583730e-01 1.7196690e+00 -2.3225461e-02 9.9367841e+09 7.2709996e+08 2.9875119e+05 2.1088658e-10 3.8385820e+08 3.0382923e+04 -3.2229045e+04 1.9251547e+38 1.9225982e-01 1.7317959e+18 1.1940594e-01 -7.9120975e-07 -9.9671399e+05 
1.1253954e+00 1.2013305e+00 9.9581935e-01 1.7219258e+00 -2.3128798e-02 9.9436512e+09 7.2791196e+08 2.9874580e+05 2.1036048e-10 3.8388288e+08 3.0340972e+04 -3.2228043e+04 1.9245251e+38 1.9226107e-01 1.7317891e+18 1.1956188e-01 -7.8791375e-07 -9.9502019e+05 
1.1261731e+00 1.2026733e+00 9.9580146e-01 1.7242067e+00 -2.3032476e-02 9.9505231e+09 7.2872560e+08 2.9874044e+05 2.0983548e-10 3.8390797e+08 3.0299079e+04 -3.2226974e+04 1.9238928e+38 1.9226231e-01 1.7317823e+18 1.1971956e-01 -7.8462943e-07 -9.9332780e+05 
1.1269514e+00 1.2040188e+00 9.9578363e-01 1.7265121e+00 -2.2936494e-02 9.9573997e+09 7.2954089e+08 2.9873509e+05 2.0931158e-10 3.8393346e+08 3.0257244e+04 -3.2225837e+04 1.9232579e+38 1.9226355e-01 1.7317755e+18 1.1987901e-01 -7.8135674e-07 -9.9163680e+05 
1.1277302e+00 1.2053671e+00 9.9576587e-01 1.7288424e+00 -2.2840851e-02 9.9642811e+09 7.3035785e+08 2.9872976e+05 2.0878877e-10 3.8395936e+08 3.0215467e+04 -3.2224633e+04 1.9226203e+38 1.9226478e-01 1.7317687e+18 1.2004027e-01 -7.7809565e-07 -9.8994719e+05 
1.1285096e+00 1.2067182e+00 9.9574817e-01 1.7311983e+00 -2.2745544e-02 9.9711673e+09 7.3117650e+08 2.9872445e+05 2.0826704e-10 3.8398568e+08 3.0173747e+04 -3.2223361e+04 1.9219801e+38 1.9226601e-01 1.7317619e+18 1.2020337e-01 -7.7484609e-07 -9.8825896e+05 
1.1292895e+00 1.2080721e+00 9.9573053e-01 1.7335801e+00 -2.2650573e-02 9.9780582e+09 7.3199685e+08 2.9871916e+05 2.0774640e-10 3.8401243e+08 3.0132085e+04 -3.2222019e+04 1.9213371e+38 1.9226724e-01 1.7317551e+18 1.2036834e-01 -7.7160801e-07 -9.8657211e+05 
1.1300699e+00 1.2094288e+00 9.9571295e-01 1.7359885e+00 -2.2555936e-02 9.9849538e+09 7.3281890e+08 2.9871388e+05 2.0722683e-10 3.8403961e+08 3.0090481e+04 -3.2220607e+04 1.9206914e+38 1.9226846e-01 1.7317483e+18 1.2053522e-01 -7.6838137e-07 -9.8488661e+05 
1.1308509e+00 1.2107883e+00 9.9569543e-01 1.7384239e+00 -2.2461632e-02 9.9918543e+09 7.3364269e+08 2.9870863e+05 2.0670834e-10 3.8406722e+08 3.0048934e+04 -3.2219125e+04 1.9200430e+38 1.9226968e-01 1.7317416e+18 1.2070404e-01 -7.6516612e-07 -9.8320248e+05 
1.1316324e+00 1.2121508e+00 9.9567798e-01 1.7408869e+00 -2.2367659e-02 9.9987595e+09 7.3446822e+08 2.9870339e+05 2.0619092e-10 3.8409527e+08 3.0007444e+04 -3.2217571e+04 1.9193919e+38 1.9227089e-01 1.7317348e+18 1.2087485e-01 -7.6196220e-07 -9.8151969e+05 
1.1324144e+00 1.2135161e+00 9.9566058e-01 1.7433780e+00 -2.2274016e-02 1.0005669e+10 7.3529551e+08 2.9869817e+05 2.0567455e-10 3.8412378e+08 2.9966012e+04 -3.2215946e+04 1.9187379e+38 1.9227210e-01 1.7317281e+18 1.2104769e-01 -7.5876956e-07 -9.7983823e+05 
1.1331970e+00 1.2148844e+00 9.9564325e-01 1.7458979e+00 -2.2180701e-02 1.0012584e+10 7.3612457e+08 2.9869297e+05 2.0515925e-10 3.8415273e+08 2.9924637e+04 -3.2214247e+04 1.9180811e+38 1.9227331e-01 1.7317213e+18 1.2122258e-01 -7.5558816e-07 -9.7815811e+05 
1.1339802e+00 1.2162556e+00 9.9562597e-01 1.7484471e+00 -2.2087713e-02 1.0019504e+10 7.3695543e+08 2.9868779e+05 2.0464500e-10 3.8418215e+08 2.9883319e+04 -3.2212475e+04 1.9174216e+38 1.9227451e-01 1.7317146e+18 1.2139958e-01 -7.5241794e-07 -9.7647930e+05 
1.1347638e+00 1.2176298e+00 9.9560876e-01 1.7510262e+00 -2.1995051e-02 1.0026428e+10 7.3778809e+08 2.9868263e+05 2.0413180e-10 3.8421204e+08 2.9842058e+04 -3.2210629e+04 1.9167591e+38 1.9227571e-01 1.7317078e+18 1.2157873e-01 -7.4925886e-07 -9.7480181e+05 
1.1355481e+00 1.2190070e+00 9.9559161e-01 1.7536358e+00 -2.1902712e-02 1.0033357e+10 7.3862257e+08 2.9867748e+05 2.0361964e-10 3.8424241e+08 2.9800854e+04 -3.2208707e+04 1.9160938e+38 1.9227690e-01 1.7317011e+18 1.2176006e-01 -7.4611086e-07 -9.7312561e+05 
1.1363328e+00 1.2203873e+00 9.9557452e-01 1.7562766e+00 -2.1810696e-02 1.0040291e+10 7.3945889e+08 2.9867236e+05 2.0310852e-10 3.8427326e+08 2.9759707e+04 -3.2206709e+04 1.9154257e+38 1.9227809e-01 1.7316944e+18 1.2194363e-01 -7.4297389e-07 -9.7145071e+05 
1.1371181e+00 1.2217706e+00 9.9555749e-01 1.7589493e+00 -2.1719001e-02 1.0047230e+10 7.4029708e+08 2.9866725e+05 2.0259843e-10 3.8430460e+08 2.9718617e+04 -3.2204634e+04 1.9147546e+38 1.9227927e-01 1.7316877e+18 1.2212948e-01 -7.3984790e-07 -9.6977710e+05 
1.1379040e+00 1.2231570e+00 9.9554051e-01 1.7616544e+00 -2.1627626e-02 1.0054173e+10 7.4113714e+08 2.9866215e+05 2.0208937e-10 3.8433644e+08 2.9677583e+04 -3.2202481e+04 1.9140806e+38 1.9228045e-01 1.7316810e+18 1.2231765e-01 -7.3673285e-07 -9.6810475e+05 
1.1386904e+00 1.2245466e+00 9.9552360e-01 1.7643927e+00 -2.1536568e-02 1.0061121e+10 7.4197909e+08 2.9865708e+05 2.0158134e-10 3.8436878e+08 2.9636606e+04 -3.2200250e+04 1.9134036e+38 1.9228163e-01 1.7316743e+18 1.2250820e-01 -7.3362867e-07 -9.6643367e+05 
1.1394773e+00 1.2259393e+00 9.9550675e-01 1.7671650e+00 -2.1445828e-02 1.0068075e+10 7.4282296e+08 2.9865202e+05 2.0107432e-10 3.8440164e+08 2.9595686e+04 -3.2197939e+04 1.9127236e+38 1.9228280e-01 1.7316676e+18 1.2270117e-01 -7.3053533e-07 -9.6476385e+05 
1.1402648e+00 1.2273351e+00 9.9548996e-01 1.7699719e+00 -2.1355402e-02 1.0075032e+10 7.4366875e+08 2.9864699e+05 2.0056832e-10 3.8443503e+08 2.9554822e+04 -3.2195547e+04 1.9120407e+38 1.9228397e-01 1.7316609e+18 1.2289662e-01 -7.2745277e-07 -9.6309527e+05 
1.1410528e+00 1.2287343e+00 9.9547322e-01 1.7728141e+00 -2.1265291e-02 1.0081995e+10 7.4451650e+08 2.9864197e+05 2.0006333e-10 3.8446895e+08 2.9514015e+04 -3.2193074e+04 1.9113547e+38 1.9228513e-01 1.7316542e+18 1.2309460e-01 -7.2438094e-07 -9.6142792e+05 
1.1418413e+00 1.2301366e+00 9.9545655e-01 1.7756926e+00 -2.1175491e-02 1.0088963e+10 7.4536622e+08 2.9863696e+05 1.9955933e-10 3.8450341e+08 2.9473264e+04 -3.2190518e+04 1.9106657e+38 1.9228629e-01 1.7316475e+18 1.2329515e-01 -7.2131978e-07 -9.5976180e+05 
1.1426304e+00 1.2315423e+00 9.9543993e-01 1.7786080e+00 -2.1086003e-02 1.0095935e+10 7.4621794e+08 2.9863198e+05 1.9905634e-10 3.8453842e+08 2.9432569e+04 -3.2187879e+04 1.9099736e+38 1.9228744e-01 1.7316408e+18 1.2349835e-01 -7.1826926e-07 -9.5809689e+05 
1.1434201e+00 1.2329512e+00 9.9542338e-01 1.7815612e+00 -2.0996824e-02 1.0102912e+10 7.4707166e+08 2.9862701e+05 1.9855434e-10 3.8457399e+08 2.9391930e+04 -3.2185154e+04 1.9092784e+38 1.9228860e-01 1.7316342e+18 1.2370424e-01 -7.1522931e-07 -9.5643318e+05 
1.1442103e+00 1.2343636e+00 9.9540688e-01 1.7845530e+00 -2.0907952e-02 1.0109894e+10 7.4792741e+08 2.9862206e+05 1.9805332e-10 3.8461013e+08 2.9351348e+04 -3.2182344e+04 1.9085800e+38 1.9228974e-01 1.7316275e+18 1.2391289e-01 -7.1219989e-07 -9.5477067e+05 
1.1450010e+00 1.2357793e+00 9.9539044e-01 1.7875843e+00 -2.0819387e-02 1.0116881e+10 7.4878523e+08 2.9861713e+05 1.9755328e-10 3.8464685e+08 2.9310822e+04 -3.2179447e+04 1.9078785e+38 1.9229089e-01 1.7316209e+18 1.2412435e-01 -7.0918095e-07 -9.5310934e+05 
1.1457923e+00 1.2371984e+00 9.9537406e-01 1.7906559e+00 -2.0731127e-02 1.0123872e+10 7.4964511e+08 2.9861222e+05 1.9705422e-10 3.8468416e+08 2.9270351e+04 -3.2176463e+04 1.9071739e+38 1.9229203e-01 1.7316143e+18 1.2433869e-01 -7.0617243e-07 -9.5144918e+05 
1.1465842e+00 1.2386210e+00 9.9535774e-01 1.7937689e+00 -2.0643171e-02 1.0130869e+10 7.5050710e+08 2.9860732e+05 1.9655613e-10 3.8472207e+08 2.9229936e+04 -3.2173389e+04 1.9064660e+38 1.9229316e-01 1.7316076e+18 1.2455597e-01 -7.0317428e-07 -9.4979018e+05 
1.1473766e+00 1.2400471e+00 9.9534147e-01 1.7969241e+00 -2.0555516e-02 1.0137870e+10 7.5137121e+08 2.9860244e+05 1.9605900e-10 3.8476059e+08 2.9189578e+04 -3.2170224e+04 1.9057549e+38 1.9229429e-01 1.7316010e+18 1.2477626e-01 -7.0018645e-07 -9.4813233e+05 
1.1481695e+00 1.2414768e+00 9.9532526e-01 1.8001225e+00 -2.0468162e-02 1.0144876e+10 7.5223746e+08 2.9859758e+05 1.9556283e-10 3.8479973e+08 2.9149275e+04 -3.2166969e+04 1.9050405e+38 1.9229542e-01 1.7315944e+18 1.2499962e-01 -6.9720890e-07 -9.4647561e+05 
1.1489630e+00 1.2429100e+00 9.9530912e-01 1.8033651e+00 -2.0381107e-02 1.0151887e+10 7.5310588e+08 2.9859273e+05 1.9506762e-10 3.8483951e+08 2.9109027e+04 -3.2163620e+04 1.9043229e+38 1.9229654e-01 1.7315878e+18 1.2522613e-01 -6.9424156e-07 -9.4482002e+05 
1.1497570e+00 1.2443468e+00 9.9529303e-01 1.8066530e+00 -2.0294349e-02 1.0158903e+10 7.5397650e+08 2.9858791e+05 1.9457335e-10 3.8487993e+08 2.9068835e+04 -3.2160177e+04 1.9036019e+38 1.9229766e-01 1.7315812e+18 1.2545587e-01 -6.9128440e-07 -9.4316555e+05 
1.1505516e+00 1.2457873e+00 9.9527699e-01 1.8099873e+00 -2.0207888e-02 1.0165924e+10 7.5484934e+08 2.9858310e+05 1.9408002e-10 3.8492101e+08 2.9028699e+04 -3.2156639e+04 1.9028776e+38 1.9229878e-01 1.7315746e+18 1.2568890e-01 -6.8833734e-07 -9.4151217e+05 
1.1513467e+00 1.2472316e+00 9.9526102e-01 1.8133689e+00 -2.0121720e-02 1.0172949e+10 7.5572442e+08 2.9857830e+05 1.9358762e-10 3.8496276e+08 2.8988618e+04 -3.2153005e+04 1.9021498e+38 1.9229989e-01 1.7315680e+18 1.2592530e-01 -6.8540035e-07 -9.3985988e+05 
1.1521424e+00 1.2486795e+00 9.9524510e-01 1.8167991e+00 -2.0035846e-02 1.0179979e+10 7.5660177e+08 2.9857353e+05 1.9309615e-10 3.8500519e+08 2.8948592e+04 -3.2149272e+04 1.9014187e+38 1.9230100e-01 1.7315614e+18 1.2616515e-01 -6.8247337e-07 -9.3820867e+05 
1.1529386e+00 1.2501313e+00 9.9522923e-01 1.8202790e+00 -1.9950263e-02 1.0187015e+10 7.5748142e+08 2.9856877e+05 1.9260561e-10 3.8504831e+08 2.8908622e+04 -3.2145439e+04 1.9006841e+38 1.9230210e-01 1.7315548e+18 1.2640853e-01 -6.7955635e-07 -9.3655853e+05 
1.1537354e+00 1.2515869e+00 9.9521343e-01 1.8238099e+00 -1.9864970e-02 1.0194055e+10 7.5836340e+08 2.9856403e+05 1.9211598e-10 3.8509215e+08 2.8868707e+04 -3.2141506e+04 1.8999461e+38 1.9230320e-01 1.7315482e+18 1.2665554e-01 -6.7664924e-07 -9.3490943e+05 
1.1545327e+00 1.2530464e+00 9.9519768e-01 1.8273929e+00 -1.9779965e-02 1.0201100e+10 7.5924773e+08 2.9855930e+05 1.9162726e-10 3.8513670e+08 2.8828847e+04 -3.2137470e+04 1.8992045e+38 1.9230429e-01 1.7315417e+18 1.2690626e-01 -6.7375198e-07 -9.3326137e+05 
1.1553306e+00 1.2545098e+00 9.9518199e-01 1.8310294e+00 -1.9695247e-02 1.0208150e+10 7.6013445e+08 2.9855460e+05 1.9113944e-10 3.8518199e+08 2.8789042e+04 -3.2133331e+04 1.8984594e+38 1.9230538e-01 1.7315351e+18 1.2716077e-01 -6.7086451e-07 -9.3161434e+05 
1.1561290e+00 1.2559772e+00 9.9516635e-01 1.8347207e+00 -1.9610815e-02 1.0215204e+10 7.6102358e+08 2.9854991e+05 1.9065252e-10 3.8522803e+08 2.8749292e+04 -3.2129086e+04 1.8977107e+38 1.9230647e-01 1.7315286e+18 1.2741917e-01 -6.6798680e-07 -9.2996831e+05 
1.1569280e+00 1.2574486e+00 9.9515078e-01 1.8384682e+00 -1.9526666e-02 1.0222264e+10 7.6191516e+08 2.9854523e+05 1.9016650e-10 3.8527483e+08 2.8709597e+04 -3.2124734e+04 1.8969584e+38 1.9230756e-01 1.7315220e+18 1.2768156e-01 -6.6511878e-07 -9.2832328e+05 
1.1577275e+00 1.2589241e+00 9.9513525e-01 1.8422732e+00 -1.9442799e-02 1.0229328e+10 7.6280920e+08 2.9854058e+05 1.8968135e-10 3.8532241e+08 2.8669956e+04 -3.2120273e+04 1.8962025e+38 1.9230864e-01 1.7315155e+18 1.2794804e-01 -6.6226040e-07 -9.2667923e+05 
1.1585276e+00 1.2604038e+00 9.9511979e-01 1.8461373e+00 -1.9359212e-02 1.0236397e+10 7.6370576e+08 2.9853594e+05 1.8919708e-10 3.8537079e+08 2.8630371e+04 -3.2115701e+04 1.8954428e+38 1.9230971e-01 1.7315090e+18 1.2821871e-01 -6.5941160e-07 -9.2503615e+05 
1.1593283e+00 1.2618876e+00 9.9510438e-01 1.8500620e+00 -1.9275905e-02 1.0243472e+10 7.6460486e+08 2.9853131e+05 1.8871368e-10 3.8541998e+08 2.8590840e+04 -3.2111018e+04 1.8946795e+38 1.9231078e-01 1.7315025e+18 1.2849368e-01 -6.5657233e-07 -9.2339401e+05 
1.1601294e+00 1.2633757e+00 9.9508902e-01 1.8540488e+00 -1.9192875e-02 1.0250551e+10 7.6550653e+08 2.9852671e+05 1.8823114e-10 3.8547000e+08 2.8551363e+04 -3.2106220e+04 1.8939123e+38 1.9231185e-01 1.7314960e+18 1.2877306e-01 -6.5374254e-07 -9.2175282e+05 
1.1609312e+00 1.2648681e+00 9.9507372e-01 1.8580993e+00 -1.9110121e-02 1.0257635e+10 7.6641080e+08 2.9852212e+05 1.8774946e-10 3.8552086e+08 2.8511941e+04 -3.2101307e+04 1.8931414e+38 1.9231292e-01 1.7314894e+18 1.2905696e-01 -6.5092217e-07 -9.2011254e+05 
1.1617335e+00 1.2663649e+00 9.9505848e-01 1.8622153e+00 -1.9027641e-02 1.0264724e+10 7.6731772e+08 2.9851754e+05 1.8726863e-10 3.8557258e+08 2.8472574e+04 -3.2096276e+04 1.8923666e+38 1.9231398e-01 1.7314829e+18 1.2934550e-01 -6.4811117e-07 -9.1847317e+05 
1.1625363e+00 1.2678661e+00 9.9504329e-01 1.8663984e+00 -1.8945433e-02 1.0271817e+10 7.6822732e+08 2.9851299e+05 1.8678863e-10 3.8562518e+08 2.8433261e+04 -3.2091126e+04 1.8915880e+38 1.9231503e-01 1.7314765e+18 1.2963880e-01 -6.4530948e-07 -9.1683469e+05 
1.1633398e+00 1.2693718e+00 9.9502816e-01 1.8706505e+00 -1.8863497e-02 1.0278916e+10 7.6913964e+08 2.9850845e+05 1.8630947e-10 3.8567868e+08 2.8394002e+04 -3.2085854e+04 1.8908054e+38 1.9231609e-01 1.7314700e+18 1.2993700e-01 -6.4251704e-07 -9.1519708e+05 
1.1641437e+00 1.2708820e+00 9.9501308e-01 1.8749735e+00 -1.8781829e-02 1.0286020e+10 7.7005472e+08 2.9850392e+05 1.8583114e-10 3.8573310e+08 2.8354798e+04 -3.2080458e+04 1.8900188e+38 1.9231714e-01 1.7314635e+18 1.3024022e-01 -6.3973380e-07 -9.1356032e+05 
1.1649482e+00 1.2723968e+00 9.9499806e-01 1.8793691e+00 -1.8700430e-02 1.0293128e+10 7.7097258e+08 2.9849942e+05 1.8535362e-10 3.8578845e+08 2.8315647e+04 -3.2074937e+04 1.8892282e+38 1.9231818e-01 1.7314570e+18 1.3054860e-01 -6.3695970e-07 -9.1192440e+05 
1.1657533e+00 1.2739163e+00 9.9498309e-01 1.8838395e+00 -1.8619296e-02 1.0300242e+10 7.7189329e+08 2.9849493e+05 1.8487692e-10 3.8584476e+08 2.8276551e+04 -3.2069288e+04 1.8884336e+38 1.9231922e-01 1.7314506e+18 1.3086227e-01 -6.3419469e-07 -9.1028930e+05 
1.1665590e+00 1.2754406e+00 9.9496818e-01 1.8883868e+00 -1.8538426e-02 1.0307360e+10 7.7281687e+08 2.9849045e+05 1.8440101e-10 3.8590205e+08 2.8237508e+04 -3.2063509e+04 1.8876348e+38 1.9232026e-01 1.7314441e+18 1.3118139e-01 -6.3143869e-07 -9.0865500e+05 
1.1673651e+00 1.2769697e+00 9.9495332e-01 1.8930130e+00 -1.8457819e-02 1.0314483e+10 7.7374337e+08 2.9848600e+05 1.8392590e-10 3.8596034e+08 2.8198520e+04 -3.2057598e+04 1.8868319e+38 1.9232129e-01 1.7314377e+18 1.3150611e-01 -6.2869167e-07 -9.0702148e+05 
1.1681719e+00 1.2785036e+00 9.9493852e-01 1.8977204e+00 -1.8377473e-02 1.0321611e+10 7.7467283e+08 2.9848155e+05 1.8345158e-10 3.8601964e+08 2.8159585e+04 -3.2051552e+04 1.8860248e+38 1.9232233e-01 1.7314312e+18 1.3183659e-01 -6.2595356e-07 -9.0538873e+05 
1.1689792e+00 1.2800425e+00 9.9492377e-01 1.9025113e+00 -1.8297386e-02 1.0328744e+10 7.7560530e+08 2.9847713e+05 1.8297803e-10 3.8607999e+08 2.8120704e+04 -3.2045369e+04 1.8852135e+38 1.9232335e-01 1.7314248e+18 1.3217299e-01 -6.2322429e-07 -9.0375671e+05 
1.1697871e+00 1.2815865e+00 9.9490907e-01 1.9073882e+00 -1.8217557e-02 1.0335882e+10 7.7654083e+08 2.9847272e+05 1.8250525e-10 3.8614140e+08 2.8081877e+04 -3.2039046e+04 1.8843978e+38 1.9232437e-01 1.7314184e+18 1.3251547e-01 -6.2050382e-07 -9.0212542e+05 
1.1705955e+00 1.2831356e+00 9.9489443e-01 1.9123534e+00 -1.8137983e-02 1.0343025e+10 7.7747946e+08 2.9846833e+05 1.8203323e-10 3.8620390e+08 2.8043103e+04 -3.2032582e+04 1.8835778e+38 1.9232539e-01 1.7314119e+18 1.3286422e-01 -6.1779207e-07 -9.0049483e+05 
1.1714045e+00 1.2846899e+00 9.9487984e-01 1.9174097e+00 -1.8058662e-02 1.0350173e+10 7.7842124e+08 2.9846395e+05 1.8156196e-10 3.8626751e+08 2.8004383e+04 -3.2025972e+04 1.8827533e+38 1.9232641e-01 1.7314055e+18 1.3321942e-01 -6.1508899e-07 -8.9886492e+05 
1.1722140e+00 1.2862495e+00 9.9486531e-01 1.9225596e+00 -1.7979594e-02 1.0357326e+10 7.7936622e+08 2.9845959e+05 1.8109143e-10 3.8633227e+08 2.7965717e+04 -3.2019216e+04 1.8819244e+38 1.9232742e-01 1.7313991e+18 1.3358126e-01 -6.1239452e-07 -8.9723567e+05 
1.1730241e+00 1.2878144e+00 9.9485083e-01 1.9278061e+00 -1.7900776e-02 1.0364484e+10 7.8031446e+08 2.9845525e+05 1.8062163e-10 3.8639818e+08 2.7927103e+04 -3.2012309e+04 1.8810910e+38 1.9232843e-01 1.7313927e+18 1.3394994e-01 -6.0970860e-07 -8.9560706e+05 
1.1738347e+00 1.2893848e+00 9.9483640e-01 1.9331520e+00 -1.7822207e-02 1.0371647e+10 7.8126600e+08 2.9845092e+05 1.8015256e-10 3.8646529e+08 2.7888543e+04 -3.2005249e+04 1.8802529e+38 1.9232943e-01 1.7313863e+18 1.3432566e-01 -6.0703115e-07 -8.9397906e+05 
1.1746460e+00 1.2909608e+00 9.9482203e-01 1.9386003e+00 -1.7743883e-02 1.0378814e+10 7.8222091e+08 2.9844661e+05 1.7968419e-10 3.8653362e+08 2.7850037e+04 -3.1998033e+04 1.8794102e+38 1.9233043e-01 1.7313800e+18 1.3470864e-01 -6.0436212e-07 -8.9235164e+05 
1.1754577e+00 1.2925424e+00 9.9480771e-01 1.9441543e+00 -1.7665805e-02 1.0385987e+10 7.8317924e+08 2.9844231e+05 1.7921653e-10 3.8660320e+08 2.7811583e+04 -3.1990659e+04 1.8785628e+38 1.9233143e-01 1.7313736e+18 1.3509911e-01 -6.0170144e-07 -8.9072480e+05 
1.1762701e+00 1.2941298e+00 9.9479345e-01 1.9498171e+00 -1.7587969e-02 1.0393165e+10 7.8414105e+08 2.9843803e+05 1.7874956e-10 3.8667405e+08 2.7773183e+04 -3.1983121e+04 1.8777107e+38 1.9233242e-01 1.7313672e+18 1.3549729e-01 -5.9904906e-07 -8.8909849e+05 
1.1770830e+00 1.2957229e+00 9.9477923e-01 1.9555923e+00 -1.7510374e-02 1.0400347e+10 7.8510639e+08 2.9843377e+05 1.7828327e-10 3.8674622e+08 2.7734835e+04 -3.1975419e+04 1.8768536e+38 1.9233341e-01 1.7313608e+18 1.3590343e-01 -5.9640489e-07 -8.8747269e+05 
1.1778964e+00 1.2973221e+00 9.9476508e-01 1.9614835e+00 -1.7433018e-02 1.0407535e+10 7.8607534e+08 2.9842952e+05 1.7781766e-10 3.8681972e+08 2.7696541e+04 -3.1967548e+04 1.8759917e+38 1.9233440e-01 1.7313545e+18 1.3631779e-01 -5.9376887e-07 -8.8584739e+05 
1.1787105e+00 1.2989273e+00 9.9475097e-01 1.9674942e+00 -1.7355898e-02 1.0414727e+10 7.8704796e+08 2.9842529e+05 1.7735270e-10 3.8689460e+08 2.7658299e+04 -3.1959504e+04 1.8751248e+38 1.9233538e-01 1.7313481e+18 1.3674062e-01 -5.9114095e-07 -8.8422254e+05 
1.1795251e+00 1.3005386e+00 9.9473691e-01 1.9736286e+00 -1.7279014e-02 1.0421924e+10 7.8802431e+08 2.9842107e+05 1.7688839e-10 3.8697088e+08 2.7620110e+04 -3.1951285e+04 1.8742528e+38 1.9233636e-01 1.7313418e+18 1.3717221e-01 -5.8852103e-07 -8.8259813e+05 
1.1803402e+00 1.3021562e+00 9.9472291e-01 1.9798905e+00 -1.7202362e-02 1.0429127e+10 7.8900446e+08 2.9841687e+05 1.7642471e-10 3.8704860e+08 2.7581974e+04 -3.1942886e+04 1.8733757e+38 1.9233733e-01 1.7313355e+18 1.3761284e-01 -5.8590907e-07 -8.8097412e+05 
1.1811559e+00 1.3037803e+00 9.9470897e-01 1.9862844e+00 -1.7125941e-02 1.0436334e+10 7.8998849e+08 2.9841269e+05 1.7596166e-10 3.8712780e+08 2.7543891e+04 -3.1934303e+04 1.8724934e+38 1.9233830e-01 1.7313291e+18 1.3806282e-01 -5.8330498e-07 -8.7935048e+05 
1.1819722e+00 1.3054108e+00 9.9469507e-01 1.9928145e+00 -1.7049748e-02 1.0443547e+10 7.9097646e+08 2.9840852e+05 1.7549922e-10 3.8720851e+08 2.7505860e+04 -3.1925534e+04 1.8716058e+38 1.9233927e-01 1.7313228e+18 1.3852246e-01 -5.8070870e-07 -8.7772718e+05 
1.1827890e+00 1.3070479e+00 9.9468123e-01 1.9994856e+00 -1.6973782e-02 1.0450764e+10 7.9196845e+08 2.9840437e+05 1.7503738e-10 3.8729077e+08 2.7467882e+04 -3.1916573e+04 1.8707129e+38 1.9234023e-01 1.7313165e+18 1.3899208e-01 -5.7812014e-07 -8.7610419e+05 
1.1836064e+00 1.3086919e+00 9.9466743e-01 2.0063026e+00 -1.6898040e-02 1.0457986e+10 7.9296455e+08 2.9840023e+05 1.7457613e-10 3.8737463e+08 2.7429956e+04 -3.1907416e+04 1.8698144e+38 1.9234119e-01 1.7313102e+18 1.3947204e-01 -5.7553924e-07 -8.7448149e+05 
1.1844244e+00 1.3103427e+00 9.9465370e-01 2.0132704e+00 -1.6822520e-02 1.0465214e+10 7.9396483e+08 2.9839611e+05 1.7411545e-10 3.8746012e+08 2.7392082e+04 -3.1898060e+04 1.8689105e+38 1.9234215e-01 1.7313039e+18 1.3996270e-01 -5.7296591e-07 -8.7285902e+05 
1.1852429e+00 1.3120006e+00 9.9464001e-01 2.0203946e+00 -1.6747219e-02 1.0472446e+10 7.9496938e+08 2.9839200e+05 1.7365533e-10 3.8754729e+08 2.7354261e+04 -3.1888498e+04 1.8680009e+38 1.9234310e-01 1.7312976e+18 1.4046443e-01 -5.7040009e-07 -8.7123676e+05 
1.1860621e+00 1.3136657e+00 9.9462637e-01 2.0276806e+00 -1.6672136e-02 1.0479683e+10 7.9597828e+08 2.9838791e+05 1.7319575e-10 3.8763618e+08 2.7316492e+04 -3.1878728e+04 1.8670856e+38 1.9234405e-01 1.7312913e+18 1.4097764e-01 -5.6784169e-07 -8.6961468e+05 
1.1868817e+00 1.3153381e+00 9.9461279e-01 2.0351343e+00 -1.6597268e-02 1.0486926e+10 7.9699162e+08 2.9838384e+05 1.7273671e-10 3.8772683e+08 2.7278775e+04 -3.1868744e+04 1.8661644e+38 1.9234500e-01 1.7312851e+18 1.4150274e-01 -5.6529063e-07 -8.6799273e+05 
1.1877020e+00 1.3170180e+00 9.9459926e-01 2.0427619e+00 -1.6522613e-02 1.0494173e+10 7.9800950e+08 2.9837978e+05 1.7227818e-10 3.8781930e+08 2.7241111e+04 -3.1858540e+04 1.8652373e+38 1.9234594e-01 1.7312788e+18 1.4204016e-01 -5.6274682e-07 -8.6637087e+05 
1.1885228e+00 1.3187055e+00 9.9458578e-01 2.0505699e+00 -1.6448168e-02 1.0501425e+10 7.9903202e+08 2.9837573e+05 1.7182015e-10 3.8791364e+08 2.7203498e+04 -3.1848113e+04 1.8643042e+38 1.9234688e-01 1.7312725e+18 1.4259037e-01 -5.6021019e-07 -8.6474907e+05 
1.1893441e+00 1.3204009e+00 9.9457235e-01 2.0585651e+00 -1.6373930e-02 1.0508683e+10 8.0005928e+08 2.9837171e+05 1.7136260e-10 3.8800989e+08 2.7165937e+04 -3.1837455e+04 1.8633650e+38 1.9234781e-01 1.7312663e+18 1.4315385e-01 -5.5768065e-07 -8.6312729e+05 
1.1901661e+00 1.3221042e+00 9.9455898e-01 2.0667546e+00 -1.6299898e-02 1.0515945e+10 8.0109138e+08 2.9836769e+05 1.7090552e-10 3.8810810e+08 2.7128428e+04 -3.1826562e+04 1.8624194e+38 1.9234874e-01 1.7312600e+18 1.4373111e-01 -5.5515811e-07 -8.6150548e+05 
1.1909886e+00 1.3238157e+00 9.9454565e-01 2.0751460e+00 -1.6226067e-02 1.0523213e+10 8.0212842e+08 2.9836370e+05 1.7044889e-10 3.8820835e+08 2.7090971e+04 -3.1815428e+04 1.8614676e+38 1.9234967e-01 1.7312538e+18 1.4432269e-01 -5.5264248e-07 -8.5988359e+05 
1.1918116e+00 1.3255356e+00 9.9453238e-01 2.0837471e+00 -1.6152437e-02 1.0530485e+10 8.0317053e+08 2.9835971e+05 1.6999270e-10 3.8831068e+08 2.7053565e+04 -3.1804046e+04 1.8605092e+38 1.9235060e-01 1.7312476e+18 1.4492914e-01 -5.5013367e-07 -8.5826158e+05 
1.1926353e+00 1.3272641e+00 9.9451916e-01 2.0925665e+00 -1.6079003e-02 1.0537762e+10 8.0421783e+08 2.9835575e+05 1.6953692e-10 3.8841515e+08 2.7016212e+04 -3.1792411e+04 1.8595442e+38 1.9235152e-01 1.7312414e+18 1.4555107e-01 -5.4763158e-07 -8.5663940e+05 
1.1934595e+00 1.3290012e+00 9.9450598e-01 2.1016128e+00 -1.6005764e-02 1.0545045e+10 8.0527042e+08 2.9835180e+05 1.6908153e-10 3.8852182e+08 2.6978909e+04 -3.1780515e+04 1.8585725e+38 1.9235243e-01 1.7312351e+18 1.4618910e-01 -5.4513612e-07 -8.5501700e+05 
1.1942843e+00 1.3307474e+00 9.9449286e-01 2.1108955e+00 -1.5932716e-02 1.0552332e+10 8.0632845e+08 2.9834786e+05 1.6862652e-10 3.8863077e+08 2.6941659e+04 -3.1768352e+04 1.8575939e+38 1.9235335e-01 1.7312289e+18 1.4684390e-01 -5.4264718e-07 -8.5339434e+05 
1.1951096e+00 1.3325027e+00 9.9447980e-01 2.1204243e+00 -1.5859856e-02 1.0559625e+10 8.0739203e+08 2.9834394e+05 1.6817186e-10 3.8874206e+08 2.6904459e+04 -3.1755915e+04 1.8566082e+38 1.9235426e-01 1.7312227e+18 1.4751617e-01 -5.4016467e-07 -8.5177134e+05 
1.1959355e+00 1.3342674e+00 9.9446678e-01 2.1302098e+00 -1.5787181e-02 1.0566922e+10 8.0846133e+08 2.9834003e+05 1.6771754e-10 3.8885576e+08 2.6867311e+04 -3.1743196e+04 1.8556154e+38 1.9235516e-01 1.7312165e+18 1.4820664e-01 -5.3768847e-07 -8.5014797e+05 
1.1967620e+00 1.3360418e+00 9.9445381e-01 2.1402628e+00 -1.5714688e-02 1.0574225e+10 8.0953646e+08 2.9833614e+05 1.6726353e-10 3.8897194e+08 2.6830215e+04 -3.1730187e+04 1.8546153e+38 1.9235607e-01 1.7312104e+18 1.4891611e-01 -5.3521849e-07 -8.4852415e+05 
1.1975891e+00 1.3378261e+00 9.9444089e-01 2.1505952e+00 -1.5642374e-02 1.0581533e+10 8.1061760e+08 2.9833227e+05 1.6680981e-10 3.8909069e+08 2.6793169e+04 -3.1716881e+04 1.8536077e+38 1.9235697e-01 1.7312042e+18 1.4964541e-01 -5.3275461e-07 -8.4689984e+05 
1.1984167e+00 1.3396205e+00 9.9442803e-01 2.1612193e+00 -1.5570235e-02 1.0588846e+10 8.1170489e+08 2.9832841e+05 1.6635635e-10 3.8921208e+08 2.6756175e+04 -3.1703269e+04 1.8525924e+38 1.9235786e-01 1.7311980e+18 1.5039541e-01 -5.3029671e-07 -8.4527495e+05 
1.1992449e+00 1.3414254e+00 9.9441521e-01 2.1721482e+00 -1.5498268e-02 1.0596163e+10 8.1279850e+08 2.9832456e+05 1.6590314e-10 3.8933619e+08 2.6719232e+04 -3.1689341e+04 1.8515693e+38 1.9235875e-01 1.7311919e+18 1.5116707e-01 -5.2784467e-07 -8.4364944e+05 
1.2000737e+00 1.3432410e+00 9.9440245e-01 2.1833960e+00 -1.5426468e-02 1.0603486e+10 8.1389860e+08 2.9832073e+05 1.6545014e-10 3.8946313e+08 2.6682340e+04 -3.1675089e+04 1.8505382e+38 1.9235964e-01 1.7311857e+18 1.5196136e-01 -5.2539838e-07 -8.4202322e+05 
1.2009031e+00 1.3450676e+00 9.9438974e-01 2.1949776e+00 -1.5354834e-02 1.0610814e+10 8.1500537e+08 2.9831692e+05 1.6499733e-10 3.8959298e+08 2.6645499e+04 -3.1660503e+04 1.8494988e+38 1.9236053e-01 1.7311796e+18 1.5277937e-01 -5.2295770e-07 -8.4039623e+05 
1.2017330e+00 1.3469055e+00 9.9437707e-01 2.2069088e+00 -1.5283360e-02 1.0618147e+10 8.1611900e+08 2.9831312e+05 1.6454467e-10 3.8972583e+08 2.6608708e+04 -3.1645573e+04 1.8484511e+38 1.9236141e-01 1.7311734e+18 1.5362221e-01 -5.2052250e-07 -8.3876839e+05 
1.2025635e+00 1.3487551e+00 9.9436446e-01 2.2192064e+00 -1.5212042e-02 1.0625485e+10 8.1723969e+08 2.9830934e+05 1.6409215e-10 3.8986180e+08 2.6571969e+04 -3.1630288e+04 1.8473948e+38 1.9236229e-01 1.7311673e+18 1.5449109e-01 -5.1809265e-07 -8.3713961e+05 
1.2033946e+00 1.3506166e+00 9.9435190e-01 2.2318886e+00 -1.5140877e-02 1.0632828e+10 8.1836764e+08 2.9830557e+05 1.6363973e-10 3.9000099e+08 2.6535280e+04 -3.1614636e+04 1.8463296e+38 1.9236316e-01 1.7311612e+18 1.5538731e-01 -5.1566800e-07 -8.3550982e+05 
1.2042262e+00 1.3524905e+00 9.9433939e-01 2.2449746e+00 -1.5069861e-02 1.0640176e+10 8.1950308e+08 2.9830182e+05 1.6318737e-10 3.9014350e+08 2.6498642e+04 -3.1598607e+04 1.8452554e+38 1.9236403e-01 1.7311550e+18 1.5631222e-01 -5.1324841e-07 -8.3387893e+05 
1.2050584e+00 1.3543772e+00 9.9432692e-01 2.2584851e+00 -1.4998987e-02 1.0647530e+10 8.2064624e+08 2.9829808e+05 1.6273505e-10 3.9028947e+08 2.6462054e+04 -3.1582188e+04 1.8441719e+38 1.9236490e-01 1.7311489e+18 1.5726732e-01 -5.1083373e-07 -8.3224684e+05 
1.2058912e+00 1.3562769e+00 9.9431451e-01 2.2724422e+00 -1.4928253e-02 1.0654888e+10 8.2179735e+08 2.9829435e+05 1.6228272e-10 3.9043901e+08 2.6425517e+04 -3.1565365e+04 1.8430788e+38 1.9236577e-01 1.7311428e+18 1.5825418e-01 -5.0842378e-07 -8.3061346e+05 
1.2067246e+00 1.3581902e+00 9.9430215e-01 2.2868695e+00 -1.4857653e-02 1.0662251e+10 8.2295667e+08 2.9829065e+05 1.6183036e-10 3.9059227e+08 2.6389030e+04 -3.1548125e+04 1.8419759e+38 1.9236663e-01 1.7311367e+18 1.5927449e-01 -5.0601842e-07 -8.2897869e+05 
1.2075585e+00 1.3601175e+00 9.9428984e-01 2.3017927e+00 -1.4787181e-02 1.0669620e+10 8.2412446e+08 2.9828695e+05 1.6137791e-10 3.9074937e+08 2.6352594e+04 -3.1530453e+04 1.8408629e+38 1.9236749e-01 1.7311307e+18 1.6033008e-01 -5.0361746e-07 -8.2734242e+05 
1.2083931e+00 1.3620593e+00 9.9427758e-01 2.3172391e+00 -1.4716834e-02 1.0676993e+10 8.2530102e+08 2.9828327e+05 1.6092535e-10 3.9091046e+08 2.6316208e+04 -3.1512334e+04 1.8397395e+38 1.9236834e-01 1.7311246e+18 1.6142291e-01 -5.0122071e-07 -8.2570453e+05 
1.2092282e+00 1.3640160e+00 9.9426537e-01 2.3332384e+00 -1.4646604e-02 1.0684372e+10 8.2648664e+08 2.9827961e+05 1.6047262e-10 3.9107571e+08 2.6279872e+04 -3.1493753e+04 1.8386054e+38 1.9236919e-01 1.7311185e+18 1.6255509e-01 -4.9882800e-07 -8.2406490e+05 
1.2100638e+00 1.3659882e+00 9.9425321e-01 2.3498225e+00 -1.4576486e-02 1.0691756e+10 8.2768164e+08 2.9827596e+05 1.6001968e-10 3.9124528e+08 2.6243587e+04 -3.1474691e+04 1.8374602e+38 1.9237004e-01 1.7311125e+18 1.6372892e-01 -4.9643912e-07 -8.2242342e+05 
1.2109001e+00 1.3679765e+00 9.9424110e-01 2.3670259e+00 -1.4506475e-02 1.0699145e+10 8.2888636e+08 2.9827233e+05 1.5956648e-10 3.9141934e+08 2.6207351e+04 -3.1455131e+04 1.8363036e+38 1.9237088e-01 1.7311064e+18 1.6494686e-01 -4.9405386e-07 -8.2077994e+05 
1.2117369e+00 1.3699813e+00 9.9422904e-01 2.3848860e+00 -1.4436562e-02 1.0706539e+10 8.3010114e+08 2.9826871e+05 1.5911297e-10 3.9159808e+08 2.6171166e+04 -3.1435053e+04 1.8351352e+38 1.9237172e-01 1.7311004e+18 1.6621159e-01 -4.9167200e-07 -8.1913433e+05 
1.2125743e+00 1.3720034e+00 9.9421703e-01 2.4034434e+00 -1.4366743e-02 1.0713938e+10 8.3132637e+08 2.9826511e+05 1.5865910e-10 3.9178169e+08 2.6135030e+04 -3.1414438e+04 1.8339547e+38 1.9237256e-01 1.7310943e+18 1.6752602e-01 -4.8929330e-07 -8.1748643e+05 
1.2134123e+00 1.3740434e+00 9.9420507e-01 2.4227424e+00 -1.4297009e-02 1.0721342e+10 8.3256245e+08 2.9826152e+05 1.5820480e-10 3.9197040e+08 2.6098945e+04 -3.1393263e+04 1.8327616e+38 1.9237339e-01 1.7310883e+18 1.6889331e-01 -4.8691752e-07 -8.1583608e+05 
1.2142509e+00 1.3761020e+00 9.9419316e-01 2.4428310e+00 -1.4227353e-02 1.0728751e+10 8.3380981e+08 2.9825795e+05 1.5775002e-10 3.9216441e+08 2.6062909e+04 -3.1371504e+04 1.8315554e+38 1.9237422e-01 1.7310823e+18 1.7031693e-01 -4.8454441e-07 -8.1418312e+05 
1.2150900e+00 1.3781800e+00 9.9418130e-01 2.4637619e+00 -1.4157766e-02 1.0736166e+10 8.3506891e+08 2.9825439e+05 1.5729468e-10 3.9236398e+08 2.6026923e+04 -3.1349139e+04 1.8303357e+38 1.9237505e-01 1.7310763e+18 1.7180063e-01 -4.8217367e-07 -8.1252736e+05 
1.2159298e+00 1.3802782e+00 9.9416949e-01 2.4855924e+00 -1.4088241e-02 1.0743585e+10 8.3634024e+08 2.9825085e+05 1.5683872e-10 3.9256936e+08 2.5990987e+04 -3.1326139e+04 1.8291019e+38 1.9237587e-01 1.7310703e+18 1.7334854e-01 -4.7980503e-07 -8.1086861e+05 
1.2167701e+00 1.3823974e+00 9.9415773e-01 2.5083858e+00 -1.4018767e-02 1.0751010e+10 8.3762432e+08 2.9824732e+05 1.5638207e-10 3.9278083e+08 2.5955100e+04 -3.1302476e+04 1.8278536e+38 1.9237669e-01 1.7310643e+18 1.7496520e-01 -4.7743817e-07 -8.0920666e+05 
1.2176110e+00 1.3845386e+00 9.9414602e-01 2.5322115e+00 -1.3949336e-02 1.0758440e+10 8.3892172e+08 2.9824381e+05 1.5592464e-10 3.9299868e+08 2.5919263e+04 -3.1278121e+04 1.8265901e+38 1.9237750e-01 1.7310583e+18 1.7665559e-01 -4.7507275e-07 -8.0754129e+05 
1.2184524e+00 1.3867028e+00 9.9413436e-01 2.5571459e+00 -1.3879936e-02 1.0765875e+10 8.4023303e+08 2.9824031e+05 1.5546634e-10 3.9322323e+08 2.5883475e+04 -3.1253040e+04 1.8253108e+38 1.9237832e-01 1.7310523e+18 1.7842522e-01 -4.7270843e-07 -8.0587227e+05 
1.2192945e+00 1.3888910e+00 9.9412276e-01 2.5832738e+00 -1.3810558e-02 1.0773315e+10 8.4155892e+08 2.9823683e+05 1.5500708e-10 3.9345482e+08 2.5847737e+04 -3.1227199e+04 1.8240150e+38 1.9237912e-01 1.7310463e+18 1.8028016e-01 -4.7034483e-07 -8.0419934e+05 
1.2201371e+00 1.3911044e+00 9.9411120e-01 2.6106889e+00 -1.3741188e-02 1.0780760e+10 8.4290007e+08 2.9823336e+05 1.5454676e-10 3.9369383e+08 2.5812048e+04 -3.1200558e+04 1.8227020e+38 1.9237993e-01 1.7310404e+18 1.8222717e-01 -4.6798153e-07 -8.0252222e+05 
1.2209803e+00 1.3933443e+00 9.9409969e-01 2.6394958e+00 -1.3671814e-02 1.0788211e+10 8.4425727e+08 2.9822991e+05 1.5408527e-10 3.9394066e+08 2.5776409e+04 -3.1173078e+04 1.8213710e+38 1.9238073e-01 1.7310344e+18 1.8427377e-01 -4.6561809e-07 -8.0084061e+05 
1.2218241e+00 1.3956120e+00 9.9408824e-01 2.6698109e+00 -1.3602422e-02 1.0795666e+10 8.4563133e+08 2.9822647e+05 1.5362249e-10 3.9419575e+08 2.5740818e+04 -3.1144713e+04 1.8200212e+38 1.9238153e-01 1.7310285e+18 1.8642836e-01 -4.6325406e-07 -7.9915420e+05 
1.2226685e+00 1.3979090e+00 9.9407683e-01 2.7017649e+00 -1.3532997e-02 1.0803127e+10 8.4702314e+08 2.9822305e+05 1.5315830e-10 3.9445957e+08 2.5705277e+04 -3.1115415e+04 1.8186515e+38 1.9238232e-01 1.7310225e+18 1.8870035e-01 -4.6088890e-07 -7.9746263e+05 
1.2235135e+00 1.4002370e+00 9.9406548e-01 2.7355046e+00 -1.3463522e-02 1.0810593e+10 8.4843370e+08 2.9821964e+05 1.5269255e-10 3.9473264e+08 2.5669785e+04 -3.1085131e+04 1.8172610e+38 1.9238311e-01 1.7310166e+18 1.9110034e-01 -4.5852208e-07 -7.9576553e+05 
1.2243590e+00 1.4025976e+00 9.9405417e-01 2.7711959e+00 -1.3393981e-02 1.0818064e+10 8.4986407e+08 2.9821625e+05 1.5222509e-10 3.9501553e+08 2.5634342e+04 -3.1053803e+04 1.8158486e+38 1.9238390e-01 1.7310107e+18 1.9364029e-01 -4.5615298e-07 -7.9406248e+05 
1.2252052e+00 1.4049929e+00 9.9404292e-01 2.8090265e+00 -1.3324353e-02 1.0825540e+10 8.5131543e+08 2.9821288e+05 1.5175574e-10 3.9530887e+08 2.5598948e+04 -3.1021366e+04 1.8144130e+38 1.9238469e-01 1.7310048e+18 1.9633378e-01 -4.5378094e-07 -7.9235302e+05 
1.2260519e+00 1.4074250e+00 9.9403172e-01 2.8492108e+00 -1.3254618e-02 1.0833021e+10 8.5278908e+08 2.9820952e+05 1.5128433e-10 3.9561336e+08 2.5563602e+04 -3.0987751e+04 1.8129530e+38 1.9238547e-01 1.7309989e+18 1.9919631e-01 -4.5140525e-07 -7.9063665e+05 
1.2268992e+00 1.4098963e+00 9.9402057e-01 2.8919939e+00 -1.3184752e-02 1.0840508e+10 8.5428646e+08 2.9820617e+05 1.5081064e-10 3.9592974e+08 2.5528306e+04 -3.0952881e+04 1.8114669e+38 1.9238624e-01 1.7309930e+18 2.0224560e-01 -4.4902510e-07 -7.8891284e+05 
1.2277471e+00 1.4124093e+00 9.9400947e-01 2.9376580e+00 -1.3114729e-02 1.0848000e+10 8.5580915e+08 2.9820284e+05 1.5033446e-10 3.9625889e+08 2.5493058e+04 -3.0916668e+04 1.8099531e+38 1.9238702e-01 1.7309871e+18 2.0550211e-01 -4.4663962e-07 -7.8718096e+05 
1.2285956e+00 1.4149670e+00 9.9399843e-01 2.9865300e+00 -1.3044520e-02 1.0855497e+10 8.5735895e+08 2.9819953e+05 1.4985551e-10 3.9660174e+08 2.5457859e+04 -3.0879016e+04 1.8084099e+38 1.9238779e-01 1.7309812e+18 2.0898954e-01 -4.4424783e-07 -7.8544034e+05 
1.2294446e+00 1.4175728e+00 9.9398743e-01 3.0389907e+00 -1.2974094e-02 1.0862999e+10 8.5893785e+08 2.9819623e+05 1.4937351e-10 3.9695937e+08 2.5422708e+04 -3.0839818e+04 1.8068351e+38 1.9238855e-01 1.7309753e+18 2.1273553e-01 -4.4184864e-07 -7.8369022e+05 
1.2302943e+00 1.4202303e+00 9.9397649e-01 3.0954870e+00 -1.2903415e-02 1.0870506e+10 8.6054809e+08 2.9819295e+05 1.4888815e-10 3.9733298e+08 2.5387606e+04 -3.0798950e+04 1.8052265e+38 1.9238931e-01 1.7309695e+18 2.1677256e-01 -4.3944084e-07 -7.8192976e+05 
1.2311445e+00 1.4229438e+00 9.9396560e-01 3.1565474e+00 -1.2832443e-02 1.0878018e+10 8.6219223e+08 2.9818968e+05 1.4839905e-10 3.9772394e+08 2.5352552e+04 -3.0756276e+04 1.8035812e+38 1.9239007e-01 1.7309636e+18 2.2113909e-01 -4.3702304e-07 -7.8015800e+05 
1.2319953e+00 1.4257180e+00 9.9395477e-01 3.2228022e+00 -1.2761131e-02 1.0885536e+10 8.6387319e+08 2.9818643e+05 1.4790578e-10 3.9813382e+08 2.5317547e+04 -3.0711637e+04 1.8018965e+38 1.9239083e-01 1.7309578e+18 2.2588101e-01 -4.3459369e-07 -7.7837386e+05 
1.2328467e+00 1.4285585e+00 9.9394399e-01 3.2950101e+00 -1.2689428e-02 1.0893059e+10 8.6559432e+08 2.9818320e+05 1.4740788e-10 3.9856443e+08 2.5282590e+04 -3.0664851e+04 1.8001687e+38 1.9239158e-01 1.7309520e+18 2.3105369e-01 -4.3215100e-07 -7.7657608e+05 
1.2336987e+00 1.4314718e+00 9.9393326e-01 3.3740935e+00 -1.2617272e-02 1.0900587e+10 8.6735951e+08 2.9817998e+05 1.4690477e-10 3.9901785e+08 2.5247682e+04 -3.0615708e+04 1.7983939e+38 1.9239233e-01 1.7309461e+18 2.3672453e-01 -4.2969293e-07 -7.7476326e+05 
1.2345513e+00 1.4344652e+00 9.9392259e-01 3.4611876e+00 -1.2544595e-02 1.0908120e+10 8.6917331e+08 2.9817678e+05 1.4639579e-10 3.9949654e+08 2.5212822e+04 -3.0563961e+04 1.7965673e+38 1.9239307e-01 1.7309403e+18 2.4297661e-01 -4.2721709e-07 -7.7293372e+05 
1.2354045e+00 1.4375478e+00 9.9391197e-01 3.5577075e+00 -1.2471315e-02 1.0915658e+10 8.7104111e+08 2.9817359e+05 1.4588017e-10 4.0000341e+08 2.5178009e+04 -3.0509317e+04 1.7946835e+38 1.9239381e-01 1.7309345e+18 2.4991369e-01 -4.2472070e-07 -7.7108553e+05 
1.2362583e+00 1.4407301e+00 9.9390141e-01 3.6654434e+00 -1.2397334e-02 1.0923202e+10 8.7296936e+08 2.9817042e+05 1.4535697e-10 4.0054196e+08 2.5143245e+04 -3.0451427e+04 1.7927357e+38 1.9239455e-01 1.7309287e+18 2.5766730e-01 -4.2220045e-07 -7.6921640e+05 
1.2371126e+00 1.4440252e+00 9.9389091e-01 3.7866990e+00 -1.2322536e-02 1.0930751e+10 8.7496590e+08 2.9816727e+05 1.4482504e-10 4.0111642e+08 2.5108529e+04 -3.0389865e+04 1.7907159e+38 1.9239528e-01 1.7309230e+18 2.6640709e-01 -4.1965238e-07 -7.6732356e+05 
1.2379676e+00 1.4474489e+00 9.9388047e-01 3.9244978e+00 -1.2246780e-02 1.0938305e+10 8.7704038e+08 2.9816414e+05 1.4428299e-10 4.0173204e+08 2.5073861e+04 -3.0324108e+04 1.7886140e+38 1.9239601e-01 1.7309172e+18 2.7635626e-01 -4.1707167e-07 -7.6540367e+05 
1.2388231e+00 1.4510213e+00 9.9387008e-01 4.0829003e+00 -1.2169891e-02 1.0945864e+10 8.7920498e+08 2.9816102e+05 1.4372904e-10 4.0239542e+08 2.5039240e+04 -3.0253495e+04 1.7864177e+38 1.9239673e-01 1.7309114e+18 2.8781545e-01 -4.1445237e-07 -7.6345259e+05 
1.2396792e+00 1.4547683e+00 9.9385976e-01 4.2675106e+00 -1.2091649e-02 1.0953429e+10 8.8147537e+08 2.9815793e+05 1.4316090e-10 4.0311511e+08 2.5004668e+04 -3.0177174e+04 1.7841106e+38 1.9239745e-01 1.7309057e+18 3.0120095e-01 -4.1178697e-07 -7.6146513e+05 
1.2405360e+00 1.4587242e+00 9.9384949e-01 4.4863228e+00 -1.2011768e-02 1.0960998e+10 8.8387234e+08 2.9815485e+05 1.4257554e-10 4.0390243e+08 2.4970143e+04 -3.0094018e+04 1.7816716e+38 1.9239816e-01 1.7308999e+18 3.1710883e-01 -4.0906576e-07 -7.5943457e+05 
1.2413933e+00 1.4629361e+00 9.9383929e-01 4.7512134e+00 -1.1929871e-02 1.0968573e+10 8.8642446e+08 2.9815179e+05 1.4196875e-10 4.0477297e+08 2.4935666e+04 -3.0002473e+04 1.7790710e+38 1.9239888e-01 1.7308942e+18 3.3642872e-01 -4.0627587e-07 -7.5735201e+05 
1.2422512e+00 1.4674721e+00 9.9382916e-01 5.0807569e+00 -1.1845437e-02 1.0976154e+10 8.8917291e+08 2.9814875e+05 1.4133451e-10 4.0574925e+08 2.4901236e+04 -2.9900302e+04 1.7762667e+38 1.9239958e-01 1.7308885e+18 3.6055951e-01 -4.0339954e-07 -7.5520519e+05 
1.2431097e+00 1.4724366e+00 9.9381910e-01 5.5060201e+00 -1.1757711e-02 1.0983739e+10 8.9218101e+08 2.9814573e+05 1.4066349e-10 4.0686595e+08 2.4866854e+04 -2.9784064e+04 1.7731936e+38 1.9240028e-01 1.7308828e+18 3.9185691e-01 -4.0041109e-07 -7.5297645e+05 
1.2439688e+00 1.4780059e+00 9.9380911e-01 6.0839559e+00 -1.1665534e-02 1.0991330e+10 8.9555554e+08 2.9814273e+05 1.3993998e-10 4.0818164e+08 2.4832520e+04 -2.9647951e+04 1.7697419e+38 1.9240098e-01 1.7308771e+18 4.3467757e-01 -3.9727098e-07 -7.5063858e+05 
1.2448285e+00 1.4845246e+00 9.9379921e-01 6.9339166e+00 -1.1566940e-02 1.0998926e+10 8.9950538e+08 2.9813976e+05 1.3913311e-10 4.0981110e+08 2.4798233e+04 -2.9480601e+04 1.7656973e+38 1.9240167e-01 1.7308715e+18 4.9826241e-01 -3.9391229e-07 -7.4814569e+05 
1.2456887e+00 1.4928893e+00 9.9378940e-01 8.3665577e+00 -1.1458076e-02 1.1006527e+10 9.0457371e+08 2.9813682e+05 1.3816252e-10 4.1205340e+08 2.4763993e+04 -2.9252457e+04 1.7605027e+38 1.9240235e-01 1.7308658e+18 6.0711145e-01 -3.9020370e-07 -7.4540792e+05 
1.2465496e+00 1.5108019e+00 9.9377972e-01 1.1629621e+01 -1.1328886e-02 1.1014133e+10 9.1542734e+08 2.9813391e+05 1.3633591e-10 4.1748161e+08 2.4729800e+04 -2.8709697e+04 1.7493675e+38 1.9240303e-01 1.7308602e+18 8.6318533e-01 -3.8580266e-07 -7.4219139e+05 
1.2474111e+00 1.5476624e+00 9.9377045e-01 1.4878540e+02 -1.1092578e-02 1.1021745e+10 9.3776191e+08 2.9813114e+05 1.3290505e-10 4.2864129e+08 2.4695655e+04 -2.7599815e+04 1.7249858e+38 1.9240367e-01 1.7308547e+18 2.8306739e+02 -3.7775228e-07 -7.3648134e+05 
