0.0 -8.0 -7.5 -7.0 -6.5 -6.0 -5.5 -5.0 -4.5 -4.0 -3.5 -3.0 -2.5 -2.0 -1.5 -1.0 -0.5 0.0 0.5 1.0
3.75 -1.561 -1.642 -1.739 -1.854 -1.967 -2.056 -2.120 -2.179 -2.247 -2.317 -2.372 -2.401 -2.416 -2.383 -2.284 -2.152 -1.951 -1.652 -1.443
3.80 -1.578 -1.556 -1.562 -1.596 -1.664 -1.762 -1.863 -1.931 -1.932 -1.873 -1.788 -1.711 -1.643 -1.609 -1.502 -1.404 -1.264 -1.005 -0.961
3.85 -1.553 -1.540 -1.531 -1.527 -1.531 -1.549 -1.592 -1.646 -1.667 -1.598 -1.428 -1.222 -1.039 -0.943 -0.810 -0.700 -0.581 -0.420 -0.205
3.90 -1.552 -1.543 -1.532 -1.519 -1.504 -1.490 -1.472 -1.450 -1.410 -1.321 -1.155 -0.917 -0.656 -0.421 -0.273 -0.101  0.022  0.145  0.282
3.95 -1.542 -1.540 -1.533 -1.521 -1.504 -1.480 -1.445 -1.384 -1.281 -1.118 -0.901 -0.648 -0.375 -0.093  0.134  0.370  0.546  0.697  0.846
4.00 -1.477 -1.500 -1.511 -1.510 -1.498 -1.474 -1.434 -1.363 -1.235 -1.026 -0.745 -0.431 -0.116  0.180  0.464  0.730  0.962  1.161  1.319
4.05 -1.416 -1.426 -1.437 -1.451 -1.456 -1.445 -1.410 -1.338 -1.202 -0.971 -0.647 -0.270  0.109  0.455  0.764  1.049  1.312  1.527  1.728
4.10 -1.380 -1.384 -1.384 -1.379 -1.372 -1.362 -1.338 -1.280 -1.157 -0.934 -0.603 -0.198  0.235  0.645  1.017  1.344  1.621  1.867  2.089
4.15 -1.203 -1.255 -1.288 -1.303 -1.298 -1.268 -1.211 -1.127 -1.005 -0.815 -0.524 -0.138  0.310  0.778  1.219  1.603  1.900  2.175  2.420
4.20 -1.204 -1.188 -1.181 -1.184 -1.187 -1.176 -1.118 -0.991 -0.796 -0.570 -0.316  0.005  0.409  0.873  1.355  1.789  2.158  2.476  2.730
4.25 -1.138 -1.138 -1.130 -1.112 -1.079 -1.032 -0.959 -0.831 -0.626 -0.331 -0.016  0.289  0.622  1.024  1.493  1.941  2.363  2.722  3.010
4.30 -1.048 -1.059 -1.061 -1.054 -1.026 -0.964 -0.845 -0.650 -0.407 -0.131  0.207  0.561  0.898  1.245  1.634  2.078  2.526  2.925  3.246
4.35 -1.007 -0.998 -0.985 -0.968 -0.943 -0.892 -0.777 -0.562 -0.252  0.086  0.433  0.786  1.148  1.511  1.872  2.258  2.685  3.091  3.455
4.40 -0.918 -0.919 -0.912 -0.899 -0.861 -0.793 -0.680 -0.482 -0.184  0.196  0.595  0.983  1.359  1.744  2.117  2.463  2.849  3.236  3.618
4.45 -0.894 -0.877 -0.851 -0.815 -0.770 -0.698 -0.563 -0.365 -0.078  0.265  0.672  1.104  1.533  1.947  2.336  2.691  3.066  3.441  3.817
4.50 -0.852 -0.840 -0.814 -0.774 -0.710 -0.604 -0.455 -0.235  0.047  0.380  0.747  1.166  1.628  2.080  2.502  2.900  3.264  3.634  4.008
4.55 -0.796 -0.790 -0.767 -0.725 -0.657 -0.541 -0.352 -0.099  0.201  0.533  0.899  1.283  1.713  2.185  2.636  3.071  3.466  3.837  4.189
4.60 -0.780 -0.755 -0.721 -0.677 -0.605 -0.481 -0.281 -0.004  0.331  0.693  1.059  1.449  1.858  2.296  2.750  3.214  3.637  4.021  4.363
4.65 -0.765 -0.746 -0.706 -0.645 -0.556 -0.421 -0.217  0.070  0.425  0.816  1.217  1.614  2.024  2.449  2.882  3.341  3.788  4.179  4.513
4.70 -0.746 -0.739 -0.706 -0.645 -0.549 -0.394 -0.160  0.128  0.476  0.880  1.310  1.746  2.178  2.615  3.029  3.475  3.914  4.314  4.646
4.75 -0.766 -0.741 -0.698 -0.641 -0.550 -0.388 -0.143  0.177  0.540  0.934  1.368  1.823  2.288  2.744  3.181  3.622  4.042  4.431  4.760
4.80 -0.771 -0.752 -0.710 -0.643 -0.538 -0.372 -0.130  0.193  0.586  1.008  1.439  1.887  2.358  2.841  3.309  3.760  4.165  4.537  4.854
4.85 -0.748 -0.736 -0.708 -0.652 -0.545 -0.364 -0.103  0.224  0.611  1.049  1.505  1.962  2.425  2.901  3.388  3.869  4.276  4.630  4.928
4.90 -0.733 -0.717 -0.684 -0.630 -0.531 -0.350 -0.076  0.275  0.672  1.099  1.553  2.023  2.492  2.958  3.442  3.940  4.365  4.709  4.981
4.95 -0.705 -0.690 -0.657 -0.603 -0.505 -0.322 -0.047  0.308  0.709  1.149  1.610  2.078  2.551  3.008  3.487  3.980  4.418  4.761  5.010
5.00 -0.643 -0.635 -0.615 -0.569 -0.478 -0.308 -0.027  0.338  0.753  1.206  1.675  2.142  2.598  3.053  3.537  4.015  4.449  4.788  5.012
5.05 -0.558 -0.544 -0.523 -0.488 -0.412 -0.259 -0.002  0.359  0.787  1.244  1.720  2.204  2.661  3.109  3.589  4.060  4.468  4.791  4.990
5.10 -0.474 -0.449 -0.420 -0.379 -0.307 -0.172  0.055  0.379  0.791  1.256  1.744  2.246  2.709  3.158  3.639  4.097  4.486  4.780  4.947
5.15 -0.441 -0.392 -0.340 -0.280 -0.195 -0.059  0.151  0.437  0.810  1.264  1.760  2.277  2.753  3.212  3.688  4.127  4.490  4.748  4.887
5.20 -0.458 -0.400 -0.330 -0.245 -0.134  0.021  0.232  0.511  0.856  1.276  1.760  2.286  2.782  3.263  3.738  4.155  4.482  4.700  4.813
5.25 -0.526 -0.460 -0.379 -0.279 -0.149  0.027  0.256  0.541  0.877  1.271  1.739  2.268  2.785  3.293  3.771  4.163  4.450  4.631  4.725
5.30 -0.604 -0.537 -0.455 -0.353 -0.218 -0.031  0.215  0.513  0.862  1.258  1.711  2.235  2.765  3.295  3.775  4.141  4.390  4.540  4.625
5.35 -0.685 -0.630 -0.551 -0.447 -0.312 -0.131  0.120  0.433  0.801  1.211  1.669  2.178  2.714  3.262  3.737  4.079  4.301  4.434  4.516
5.40 -0.736 -0.702 -0.640 -0.546 -0.412 -0.232  0.013  0.333  0.709  1.139  1.615  2.100  2.640  3.196  3.656  3.979  4.186  4.314  4.403
5.45 -0.763 -0.746 -0.705 -0.628 -0.501 -0.316 -0.056  0.274  0.655  1.084  1.557  2.038  2.567  3.101  3.540  3.850  4.054  4.189  4.290
5.50 -0.775 -0.766 -0.741 -0.686 -0.579 -0.401 -0.137  0.208  0.616  1.052  1.516  1.987  2.491  2.988  3.402  3.707  3.917  4.068  4.181
5.55 -0.762 -0.769 -0.759 -0.724 -0.639 -0.475 -0.213  0.148  0.582  1.033  1.495  1.943  2.411  2.870  3.262  3.565  3.787  3.958  4.081
5.60 -0.738 -0.746 -0.749 -0.735 -0.677 -0.539 -0.287  0.079  0.522  0.994  1.465  1.900  2.335  2.762  3.135  3.438  3.674  3.864  3.994
5.65 -0.722 -0.728 -0.727 -0.716 -0.679 -0.576 -0.359 -0.011  0.431  0.914  1.387  1.836  2.264  2.670  3.031  3.334  3.585  3.788  3.927
5.70 -0.700 -0.707 -0.709 -0.698 -0.660 -0.566 -0.382 -0.078  0.339  0.819  1.302  1.767  2.199  2.599  2.955  3.261  3.526  3.737  3.896
5.75 -0.694 -0.691 -0.687 -0.677 -0.646 -0.555 -0.372 -0.094  0.278  0.732  1.223  1.700  2.141  2.546  2.904  3.216  3.491  3.701  3.874
5.80 -0.693 -0.689 -0.679 -0.660 -0.620 -0.533 -0.384 -0.095  0.267  0.688  1.160  1.642  2.094  2.508  2.875  3.196  3.478  3.692  3.829
5.85 -0.692 -0.689 -0.679 -0.656 -0.609 -0.512 -0.340 -0.077  0.272  0.682  1.127  1.602  2.061  2.486  2.865  3.197  3.480  3.692  3.826
5.90 -0.693 -0.689 -0.680 -0.659 -0.611 -0.510 -0.325 -0.053  0.288  0.686  1.122  1.586  2.048  2.481  2.869  3.212  3.492  3.700  3.832
5.95 -0.691 -0.689 -0.680 -0.661 -0.614 -0.513 -0.326 -0.039  0.320  0.714  1.139  1.593  2.053  2.491  2.887  3.235  3.510  3.715  3.818
6.00 -0.690 -0.687 -0.678 -0.660 -0.619 -0.522 -0.336 -0.041  0.337  0.758  1.183  1.623  2.078  2.517  2.914  3.265  3.537  3.699  3.809
6.10 -0.692 -0.683 -0.671 -0.649 -0.614 -0.536 -0.368 -0.077  0.325  0.793  1.266  1.723  2.174  2.603  2.994  3.333  3.570  3.728  3.827
6.20 -0.699 -0.692 -0.679 -0.648 -0.597 -0.518 -0.374 -0.109  0.284  0.763  1.288  1.803  2.280  2.704  3.073  3.364  3.563  3.654  3.755
6.30 -0.698 -0.700 -0.690 -0.671 -0.617 -0.517 -0.354 -0.101  0.280  0.744  1.268  1.806  2.304  2.723  3.055  3.282  3.433  3.519  3.609
6.40 -0.699 -0.701 -0.694 -0.683 -0.646 -0.560 -0.390 -0.114  0.262  0.722  1.211  1.704  2.166  2.557  2.857  3.059  3.195  3.298  3.402
6.50 -0.701 -0.701 -0.701 -0.691 -0.666 -0.604 -0.467 -0.217  0.142  0.577  1.023  1.460  1.875  2.246  2.539  2.759  2.922  3.048  3.174
6.60 -0.702 -0.702 -0.702 -0.696 -0.680 -0.638 -0.539 -0.348 -0.053  0.331  0.740  1.143  1.533  1.896  2.200  2.451  2.641  2.796  2.947
6.70 -0.703 -0.703 -0.703 -0.699 -0.690 -0.661 -0.593 -0.458 -0.234  0.077  0.452  0.832  1.209  1.568  1.894  2.160  2.372  2.557  2.732
6.80 -0.704 -0.704 -0.704 -0.704 -0.696 -0.676 -0.630 -0.537 -0.372 -0.122  0.205  0.558  0.925  1.287  1.615  1.894  2.123  2.362  2.436
6.90 -0.706 -0.706 -0.706 -0.706 -0.699 -0.686 -0.654 -0.588 -0.466 -0.267  0.012  0.339  0.691  1.040  1.377  1.658  1.898  2.150  2.256
7.00 -0.708 -0.708 -0.708 -0.707 -0.703 -0.692 -0.668 -0.618 -0.522 -0.360 -0.119  0.179  0.505  0.854  1.170  1.445  1.711  1.872  2.037
7.10 -0.711 -0.710 -0.710 -0.710 -0.707 -0.699 -0.680 -0.637 -0.553 -0.408 -0.194  0.070  0.364  0.678  0.980  1.253  1.519  1.730  1.876
7.20 -0.714 -0.714 -0.713 -0.713 -0.711 -0.706 -0.692 -0.659 -0.585 -0.449 -0.255 -0.026  0.229  0.517  0.805  1.083  1.338  1.561  1.561
7.30 -0.718 -0.718 -0.717 -0.717 -0.716 -0.712 -0.703 -0.678 -0.621 -0.508 -0.337 -0.136  0.100  0.367  0.643  0.926  1.201  1.201  1.201
7.40 -0.722 -0.722 -0.722 -0.722 -0.722 -0.719 -0.712 -0.694 -0.651 -0.565 -0.427 -0.247 -0.024  0.230  0.499  0.794  1.070  1.070  1.070
7.50 -0.729 -0.728 -0.728 -0.728 -0.728 -0.726 -0.721 -0.707 -0.675 -0.610 -0.501 -0.340 -0.132  0.106  0.374  0.673  0.673  0.673  0.673
7.60 -0.736 -0.736 -0.736 -0.736 -0.735 -0.735 -0.731 -0.720 -0.695 -0.643 -0.554 -0.413 -0.225 -0.004  0.270  0.561  0.561  0.561  0.561
7.70 -0.746 -0.745 -0.745 -0.745 -0.745 -0.744 -0.742 -0.733 -0.713 -0.671 -0.595 -0.473 -0.306 -0.095  0.179  0.450  0.450  0.450  0.450
7.80 -0.757 -0.757 -0.757 -0.757 -0.757 -0.757 -0.754 -0.748 -0.731 -0.697 -0.631 -0.526 -0.380 -0.171  0.089  0.330  0.330  0.330  0.330
7.90 -0.772 -0.772 -0.772 -0.772 -0.772 -0.772 -0.770 -0.765 -0.751 -0.722 -0.666 -0.577 -0.443 -0.244 -0.012  -0.012 -0.012 -0.012 -0.012
8.00 -0.788 -0.788 -0.788 -0.788 -0.787 -0.788 -0.787 -0.782 -0.770 -0.746 -0.699 -0.624 -0.496 -0.314 -0.107  -0.107 -0.107 -0.107 -0.107
8.10 -0.808 -0.808 -0.807 -0.807 -0.807 -0.808 -0.807 -0.803 -0.794 -0.773 -0.735 -0.668 -0.548 -0.387 -0.208  -0.208 -0.208 -0.208 -0.208
8.30 -0.861 -0.861 -0.861 -0.861 -0.861 -0.860 -0.860 -0.858 -0.852 -0.840 -0.815 -0.755 -0.667 -0.544 -0.439  -0.439 -0.439 -0.439 -0.439
8.50 -0.931 -0.931 -0.931 -0.931 -0.931 -0.931 -0.931 -0.930 -0.928 -0.919 -0.894 -0.857 -0.798 -0.697 -0.944  -0.944 -0.944 -0.944 -0.944
8.70 -0.668 -0.931 -1.004 -1.015 -1.016 -1.016 -1.016 -1.017 -1.019 -1.010 -0.994 -0.973 -0.945 -0.934 -0.934  -0.934 -0.934 -0.934 -0.934